Sample	Coalescent Time	First Ascertained	First Unascertained
1143	17.044497	24.226510	7.331755
2426	0.000000	3.205430	4.057340
1845	8.000000	16.938555	5.564425
0891	24.457188	12.289185	5.150880
2933	9.038976	11.711025	15.469795
4236	0.000000	11.294195	3.212000
1349	13.911256	2.364105	7.635800
0484	3.285793	14.650005	3.514950
3456	19.401594	16.491795	5.719550
3361	53.385332	25.749655	9.407145
3333	7.634024	15.918380	15.139835
1006	13.551738	17.063385	6.842290
4465	3.433727	13.236360	3.488670
3965	19.500000	11.754095	6.147330
0156	0.000000	2.978035	9.427585
0357	5.104664	16.116940	8.178920
4520	20.540249	21.294830	17.217415
0924	14.565535	12.274950	8.563995
4151	5.000000	9.764480	5.431200
3806	14.616254	15.240940	15.333650
0987	6.000000	9.745865	2.957230
3953	0.000000	6.927335	2.830210
1336	6.377704	15.544255	2.814880
0943	22.000000	27.616630	7.819395
2285	21.313729	18.980000	11.041250
1190	31.500000	11.045265	2.703920
3000	3.656077	14.666065	2.971830
2815	14.765716	17.332390	5.847300
4085	17.526140	14.722640	6.414875
0658	6.124321	12.592865	2.987160
1459	9.722648	30.022345	19.114685
2377	3.575272	25.458020	3.633940
2207	6.447197	18.284675	4.424165
2872	19.000000	19.425665	2.054220
2505	2.000000	9.419190	0.578160
2122	13.731525	18.674130	5.404190
0633	0.000000	15.691715	9.672135
1370	19.872681	33.638400	10.476960
2696	4.145788	15.414680	1.060690
2487	4.418950	3.375155	11.035045
0002	24.825294	10.270370	6.941570
4011	8.025452	8.490630	12.552350
4279	29.028163	9.936030	3.440855
0442	6.436116	15.243495	9.949900
0223	12.152041	21.198105	5.210740
3533	53.116489	8.413615	9.188510
0714	2.682775	8.939945	3.920465
2412	15.045872	20.394740	11.682555
3552	31.990276	37.292050	10.572225
2736	17.445579	16.829785	4.330725
3239	12.000000	19.071250	8.842125
0035	4.000000	11.664305	3.090820
1438	26.172147	13.545515	4.366130
2534	13.514743	21.288260	10.464185
4399	2.218608	3.198495	6.245880
3124	0.000000	10.675885	14.311285
4223	6.000000	12.219835	3.323325
3596	49.913599	11.142720	9.081200
0578	2.950675	8.772045	4.635135
1391	10.126309	13.870730	3.705845
1897	9.714980	23.606010	2.345855
2672	12.500000	17.313775	5.996950
2725	5.495275	5.758970	8.866215
0775	21.745505	31.576515	10.559815
1297	7.958773	17.490435	7.659890
4243	12.183236	12.074930	6.882805
0313	0.000000	5.110730	3.693435
0912	12.723437	14.517145	7.618280
3002	2.885372	6.632780	6.539340
0297	8.500000	16.934905	6.326180
2578	11.908375	19.927540	1.977205
2689	12.112146	20.643305	1.198660
2348	3.509642	17.722940	8.269805
3817	15.087510	31.542935	11.339455
0661	2.137522	5.027510	3.616055
3347	2.741799	10.527695	3.159440
2342	13.463522	21.317825	3.072935
4116	4.521336	1.043535	4.066465
1479	2.570379	8.480775	8.030365
4878	20.737903	26.017200	7.212400
0519	9.117612	36.531025	2.381260
1322	1.393607	11.901555	4.292765
3836	22.944429	9.600960	16.688895
0827	4.636531	13.442220	9.642935
3629	14.500000	19.914035	4.986995
1145	0.000000	9.569935	4.646085
2537	11.055423	28.536065	10.453600
0082	5.384994	16.850955	8.889210
4712	4.270257	7.745665	7.745300
0129	0.000000	9.805360	2.730200
4396	1.717376	6.742645	2.631285
3109	2.941617	6.591535	3.782495
2762	1.633440	13.590410	2.326145
1875	24.540069	11.597875	5.570995
0983	0.327470	7.903345	4.468695
3753	10.000000	25.774475	7.112390
4450	2.269532	11.133595	8.067595
0099	10.787263	16.794745	3.727380
2817	13.942296	15.995030	2.006405
2120	7.107065	2.985700	10.984310
3842	0.000000	9.432330	4.190200
2103	2.205014	16.056350	4.197500
0721	34.015013	19.055920	2.127585
0972	15.048318	17.438970	9.767035
2508	6.158374	17.214130	17.352830
4204	24.778749	24.765250	2.852110
1939	24.500000	9.091785	5.357470
1081	10.560045	6.575840	4.447890
3310	0.000000	10.718590	1.054120
4050	8.469713	26.050415	2.832035
1538	26.798287	38.392160	13.656110
2592	0.000000	6.394435	4.118660
2457	19.868497	14.454000	5.040650
2521	0.000000	8.647945	11.923820
4916	7.869278	14.906965	5.457480
0728	14.521502	24.813065	9.355315
0425	0.000000	3.280255	1.694330
0235	15.474291	18.152910	15.107350
0412	3.067381	15.943930	3.871190
0273	14.716358	2.328700	8.496835
4038	16.986607	4.883700	10.575875
3517	7.875855	15.655215	5.528655
4865	1.593272	5.934535	9.213695
4674	11.755191	8.764015	4.696090
3287	2.166767	10.109040	5.282645
2973	0.000000	13.600630	3.707305
3988	6.240828	10.323295	7.589080
2352	0.000000	9.903545	4.886255
3684	2.711410	10.877365	3.771545
3523	26.252677	31.703900	16.894025
4808	0.771246	1.200120	4.292400
1695	11.385517	24.600270	4.617615
4934	3.533478	24.717800	14.310555
2373	38.937996	11.647880	6.957265
3493	16.526809	8.224545	3.633575
0621	18.088654	28.617460	16.803505
2714	14.144855	23.245755	2.180145
1795	8.350788	23.906405	4.135450
4791	4.545928	6.805425	2.605370
0799	6.824399	13.086710	5.319510
2651	1.352879	4.034345	4.951225
4186	7.250501	14.138640	4.114280
1125	28.257601	28.316700	20.715940
3289	1.209142	18.610255	4.731860
0028	16.500000	22.037240	9.630890
2991	5.597684	4.286195	9.310055
0559	14.535706	2.565950	12.679735
0900	7.000000	13.228330	6.538245
0093	0.000000	3.331720	6.606500
3443	13.271572	21.950005	8.250460
4586	19.800986	13.606105	7.832535
2114	11.565277	32.839780	15.337665
4007	1.251695	18.190870	5.457845
0777	47.447790	20.746965	3.842355
0423	0.000000	4.707770	3.944555
1447	24.758883	18.552220	11.610285
4688	12.286367	10.047720	2.275775
2978	22.935243	30.476040	5.170225
4643	12.497514	10.738300	3.094105
0572	6.766351	8.669115	7.950430
4594	1.693381	13.427255	4.238380
2470	5.500000	13.841530	7.142685
0971	3.487629	11.732560	6.050240
2467	17.468754	17.833170	11.160240
2223	4.751365	10.159045	5.026780
2531	10.292448	21.396300	2.783125
4466	11.983092	18.682525	8.173810
0627	4.871681	11.759570	8.574945
1412	13.500000	21.359435	4.325615
4049	10.975995	16.397990	4.886255
1366	0.000000	9.219170	4.950495
2989	16.733326	18.031365	3.965360
4468	8.279649	13.949205	7.151080
0955	34.118206	36.313485	0.914325
3277	9.218321	1.555265	8.817305
1699	1.805628	13.944460	3.791985
3669	2.294815	11.086510	0.816140
4036	7.825736	17.301730	6.419255
0199	1.956331	17.014475	6.556495
1278	1.139527	8.955275	4.851215
1304	5.898651	10.357240	13.983515
2086	9.038884	5.453830	7.568275
0219	2.606373	18.678145	5.463320
2686	21.683868	25.083165	6.711620
3226	7.469059	10.179850	6.411225
1852	5.739392	10.841960	3.118925
4292	2.627167	15.417235	3.074760
2615	7.783699	14.352895	7.686900
0612	1.082819	6.317785	3.380265
3661	18.651425	27.963015	5.886720
3436	0.000000	5.316955	4.343865
2711	38.791368	20.688565	7.619740
0527	1.097021	14.971570	9.538910
1638	61.556974	23.622435	5.541795
4382	0.701215	5.931615	2.765240
1847	12.160625	6.952155	9.014040
1817	20.173570	13.557195	5.127155
0656	16.694299	8.632980	10.833565
0493	33.799070	10.659460	4.220860
4416	17.000000	17.026520	8.278200
3068	23.871584	39.727695	8.458875
2255	15.255184	10.865320	6.481305
1451	12.902958	18.456955	8.025255
3849	6.339818	11.308065	2.923285
1208	38.674376	38.431215	3.069285
4138	14.685538	4.713610	4.953780
0709	16.642769	10.776625	3.745265
0580	25.736025	24.219940	14.075130
0581	7.779811	14.075130	18.679605
2836	28.500000	38.725040	9.776525
1900	9.500000	17.299905	6.001330
4733	21.798215	22.159880	8.294990
2073	8.000000	13.137080	4.892825
1246	0.000000	3.199955	5.959355
3823	4.786886	11.406615	8.164320
4263	26.705497	26.857065	18.932550
1704	3.809651	6.802870	7.379205
0368	28.878987	17.508320	5.933805
0901	3.587982	11.935500	3.651460
0881	22.130973	2.717425	5.787440
3244	0.000000	9.422110	2.361550
1360	8.689236	13.954315	4.612870
3643	6.998824	17.959825	4.980790
1920	7.409493	4.165380	12.670245
4161	5.604189	12.440660	1.657100
1714	7.013471	16.495810	8.081830
0070	12.831122	29.396005	1.249760
2002	8.930302	28.606510	1.810400
3784	14.760629	18.249635	6.759070
0460	19.094491	29.462070	6.070315
2422	22.952780	30.497940	0.376680
0283	2.223652	11.045265	5.554935
1747	22.594004	26.752675	9.120620
1227	10.935409	5.412585	12.562570
2507	25.107263	26.699750	13.559750
0113	1.500702	7.858450	2.632745
0834	2.659106	12.553445	3.686135
1759	2.506580	11.632915	4.207720
0441	0.000000	7.314235	3.012345
2967	16.709789	14.304715	3.938715
0030	6.895280	11.772345	6.361950
0635	3.434604	10.742680	6.087470
0556	6.502721	10.324390	2.441850
1965	11.263142	22.383625	7.031725
3964	5.396121	9.216615	12.712950
4335	7.344262	13.612675	2.138535
1954	18.240235	24.232715	11.200025
3155	9.805165	13.311915	6.690815
2350	1.430522	14.913900	10.045165
4503	8.995963	4.669080	2.368850
1637	0.325881	11.156955	8.715105
4154	11.507526	21.829920	12.290280
2459	2.357064	19.324195	9.343270
0890	6.000000	18.572660	4.635865
1556	10.014679	23.130050	15.218310
2186	12.417026	20.684550	12.374960
1761	7.111691	7.470820	2.499520
3266	9.818230	4.580385	8.300830
3035	4.000000	19.377485	1.682285
2462	4.021406	11.972730	1.013240
1195	20.385551	20.490735	12.460735
2811	8.504401	2.902115	4.492055
0366	4.156449	13.738235	3.953680
1791	1.736470	10.577335	9.075360
3700	35.356716	43.384265	4.685505
3884	24.609922	33.317565	3.997845
1981	18.654519	11.991710	4.575275
1361	7.782712	13.001300	4.612870
2410	0.000000	11.215355	5.885990
4746	46.057607	42.299120	2.088530
4304	11.955255	15.373070	3.079870
4329	6.268083	5.058535	0.665030
2246	15.184719	23.276415	10.758010
4641	11.048750	16.119495	10.495940
4962	32.803319	7.617550	5.998045
4642	27.614254	4.222320	10.872985
0480	7.000000	7.360955	5.749115
3816	4.395175	23.874650	11.777090
4094	8.967694	13.953585	5.764445
3637	11.160299	4.020110	9.694035
4744	21.070303	25.716440	4.603380
3260	2.215554	10.547040	4.394965
2293	5.911617	6.518535	12.773175
2434	47.269527	3.784320	16.743280
3549	5.792154	14.397790	8.164685
1512	14.743042	17.553580	2.112620
2082	3.924106	12.600895	5.926505
4250	3.742994	7.885095	9.241070
1887	13.500000	21.428785	3.154330
1112	15.187246	3.289745	10.625150
1082	12.473136	15.010625	8.412520
0991	2.376368	1.952385	7.333580
2353	13.205508	17.109010	0.761390
1377	11.424148	4.750110	4.954510
3555	4.084745	7.886190	5.092845
3976	14.219775	17.077620	5.203440
1934	0.000000	4.896840	1.439560
2840	22.708306	16.829785	3.309090
2222	6.339348	9.812660	5.184825
0022	34.500000	30.756360	9.630890
2471	29.827853	3.886885	10.029105
0443	54.402264	26.009535	15.486220
1660	18.938355	25.519705	4.985535
3779	29.732046	11.346390	3.093010
2977	12.448308	34.742160	4.142020
3535	9.368339	15.069025	4.934435
3267	53.867211	5.031890	9.384150
1002	29.000000	28.383495	10.454695
0006	8.550278	10.860210	6.941570
2668	12.243190	11.982220	8.677875
4921	5.510211	3.293760	5.477190
3985	29.258758	37.599380	9.627605
0466	1.830524	8.810735	2.844080
4301	10.257685	2.157515	10.894155
4206	30.545137	6.439695	2.852110
3223	13.965606	17.568180	14.303620
1390	3.464429	13.442220	3.925210
2876	1.346724	20.345100	2.245480
3652	46.456154	29.683260	9.180115
4444	4.787205	23.957140	6.799585
2662	4.335106	11.816875	4.335470
4356	8.909092	27.863370	2.848460
0665	4.501197	13.491130	3.620800
4081	1.328273	16.342875	3.121115
2644	13.500000	22.823085	6.423635
4785	26.701495	13.467770	7.208750
0652	1.706215	14.683220	12.747260
2609	23.627462	28.612350	15.178160
2603	0.000000	3.669345	0.531805
1164	21.812750	22.805565	6.164120
2465	7.795042	19.182575	7.300365
4354	37.307468	17.112660	9.290710
4966	4.070673	19.506330	9.037765
0195	2.435725	10.957665	6.804695
2229	1.179557	2.346585	3.001030
0308	4.555876	1.420215	6.448820
4942	1.553886	10.781735	5.779775
1123	2.533963	11.307335	8.114315
4427	0.830903	16.182640	2.506455
1240	14.697845	16.388500	2.627635
2741	0.000000	2.880945	3.067825
4945	4.283357	2.857585	8.979000
1801	2.071092	9.096530	9.832370
3450	17.706936	26.969120	6.200985
0776	0.000000	8.703425	5.292500
4419	1.477929	3.564225	9.262605
3978	6.873714	20.150555	5.974685
2262	6.935033	6.520360	14.475535
2456	5.000000	24.399885	2.369580
3875	3.941841	13.272130	3.026580
1963	38.341926	47.254725	3.920100
2551	7.896704	3.582110	9.187050
0970	39.130849	18.128455	2.536750
3081	15.419724	19.928635	5.765175
1128	6.245151	16.293600	12.131505
1386	15.500000	8.067960	14.047755
3234	0.000000	1.868800	7.894220
4381	7.512716	17.541170	1.491390
0586	1.141016	9.242895	6.335670
3463	0.000000	8.951990	7.633245
2962	4.846220	15.896115	1.186615
4426	5.605700	12.023830	10.572590
2510	2.023011	2.190730	0.578160
4275	0.000000	7.034645	1.704915
4991	0.581046	10.651430	2.817800
4369	3.773187	10.121085	4.935530
1235	12.978200	7.277370	10.290080
3522	5.908524	15.843190	4.235460
2153	0.000000	10.598870	4.307365
0359	1.291471	1.140260	2.400240
2907	3.975548	10.340085	4.113550
0826	23.521576	25.663515	4.792450
3466	10.160067	21.495945	3.078775
4564	25.825759	4.767265	13.971105
3382	30.650316	3.866445	8.489170
1319	4.001379	18.026255	7.112390
0602	16.954939	14.353260	1.591765
3207	4.556074	18.238685	6.751040
1238	14.272369	20.352400	10.089330
4634	29.490334	13.435285	2.279790
0780	7.957081	12.242830	7.639815
0345	9.184515	8.115045	3.887250
3607	0.000000	2.428345	3.540865
3749	5.063486	7.116040	4.914725
1579	11.075791	7.938020	8.178190
0137	22.814383	38.573565	4.409565
4341	24.773123	26.039100	4.608125
3337	10.500000	9.880185	14.037900
0926	5.199604	15.948310	10.533170
3852	2.886509	9.400940	7.818300
0953	6.496471	8.739560	15.591340
0722	1.278991	9.718125	5.948040
3742	42.484748	5.071675	16.471355
4539	9.123118	3.879220	9.277570
2295	21.816809	20.723240	4.159175
1758	3.733021	7.214955	5.564425
0893	23.172253	22.231055	4.835520
4531	4.000000	16.034085	2.826195
4051	3.011689	9.091785	2.832035
1912	19.078121	10.272925	6.578395
3087	21.748653	9.891865	13.554275
3085	9.876264	12.149755	5.321700
0823	10.000000	21.401045	9.555700
2839	17.064148	13.580190	2.762320
2776	8.818495	8.768395	9.395830
3834	13.136717	14.893460	1.403425
2497	0.000000	9.518470	1.000465
4995	2.197635	10.666395	9.326115
3046	1.500000	13.142190	0.903010
4386	13.558419	23.713320	6.932080
4039	16.500000	30.216160	4.228890
1698	25.402119	15.070485	9.342175
3343	8.345924	10.793050	7.569005
3318	21.222800	28.049520	11.427785
1362	12.351635	20.222825	0.932940
1829	18.363795	23.549435	10.269275
2425	12.070591	18.910650	5.737070
4510	6.474631	27.925785	1.396125
2339	7.267613	11.930025	3.959885
0993	0.000000	2.439660	3.487210
2166	35.049208	23.817710	7.003255
0200	12.791100	14.157255	6.556495
0290	12.500000	21.312350	12.682290
2252	18.787426	8.745765	4.602650
4024	5.763843	12.971735	7.329565
3940	4.308817	5.791090	3.307630
1792	1.820534	13.630560	5.646915
3763	8.112065	21.961320	6.687530
4384	2.607193	4.215020	6.183100
4031	17.375224	21.508355	10.417100
3218	0.000000	14.581385	3.510570
1722	4.898304	11.777820	8.610715
1471	9.822391	13.701005	7.395995
3284	6.140118	8.923155	7.089395
3961	5.500000	19.717665	3.465310
3135	16.991957	27.829060	3.126590
0916	9.462586	9.045430	2.529085
2873	4.754043	9.702795	8.214690
4140	31.332384	7.468995	12.516945
0524	15.044294	8.984475	11.646785
2220	1.638014	5.849855	1.775725
0149	6.037559	25.608765	0.766865
3739	3.505248	2.409365	4.511035
4405	6.874105	14.340120	2.971100
2931	33.822772	23.540310	4.608490
1496	45.675828	3.198495	5.383385
2254	30.865005	26.335115	2.936060
0802	26.918448	13.504635	1.047185
0397	5.615082	12.804200	3.927400
0296	12.802691	24.895190	0.920530
0390	1.855648	3.408005	6.880615
3491	28.789986	11.650435	14.756585
0683	16.500000	24.936800	1.288085
0318	26.744300	46.008615	3.855860
4325	1.639651	18.835460	4.391315
0377	0.000000	15.178890	5.366595
3042	12.144381	17.193690	4.020840
1061	55.401814	1.611110	3.382455
0796	10.201665	27.784165	6.633875
1647	3.009256	5.417330	3.228790
1464	10.295612	30.316170	16.017660
1613	10.505280	18.173715	5.475730
0277	16.500000	14.292305	7.693470
3719	7.890985	16.974690	5.039190
2298	19.222092	10.071445	5.599465
0216	9.280223	23.026755	3.226235
4802	5.835752	19.383690	4.170125
1851	1.945466	21.852550	11.810670
3703	0.787437	2.639680	1.507815
4742	0.000000	11.673065	0.912500
4576	8.837170	24.037805	7.227000
1951	6.524159	11.653355	10.856195
2519	8.268491	16.979800	5.506390
4078	3.417560	8.341710	4.000400
4438	4.346216	4.670540	6.292600
0710	15.744606	0.998640	2.564125
1631	0.000000	11.955575	3.420415
4472	44.447753	25.455830	2.108970
3348	5.735820	6.951425	1.759665
2013	3.906242	12.013975	4.988820
3048	6.000000	27.863735	7.927070
4595	5.000000	14.763155	3.983245
3054	7.317479	13.515220	1.827920
1665	3.090759	8.360690	2.346585
0573	2.154392	7.369715	4.082160
3728	2.370530	3.872650	9.713745
3873	9.244348	1.601620	0.537280
0287	14.582893	12.884135	8.429675
4829	8.860421	23.264735	3.072570
1780	31.768957	21.968620	21.165985
0315	23.300637	2.301325	6.140395
1017	4.223780	6.813090	7.824140
0134	22.882231	4.974220	5.972495
3590	2.057650	11.669050	2.131600
4403	15.438617	20.997720	3.801110
1317	1.557382	3.348510	6.065935
0978	10.337400	22.915065	4.272690
3167	4.597800	23.776830	4.788800
0400	5.634936	17.166680	5.112920
1855	6.273846	18.651500	1.277135
1649	19.500000	22.871630	9.794775
3194	2.220459	12.278235	9.271000
3850	14.500000	31.332695	6.675485
3892	64.465751	53.984595	2.545875
2008	22.403728	24.373970	12.142455
0143	26.896222	20.046165	11.365370
0889	3.976336	7.757710	4.826030
0092	19.932021	23.753470	9.288520
2916	7.037311	4.789895	16.055255
1773	1.419294	8.084020	1.491025
0320	17.655233	6.961645	4.273420
1686	16.194567	15.015370	8.584070
1380	18.033588	24.574720	12.245750
1115	6.000000	5.544715	11.397490
4132	5.501869	5.960085	8.346090
3118	2.767832	2.279425	4.921295
2303	12.810307	19.234770	17.041120
3434	19.861504	6.591535	1.588480
1544	4.928224	20.357875	11.296020
1542	7.921299	15.601195	3.970835
3188	7.398579	15.227800	1.384080
0310	4.500000	13.233440	1.555630
1927	0.000000	15.672370	2.438565
4797	4.425438	14.949670	1.057405
3791	5.984487	17.619645	7.164950
0712	51.500000	9.001995	11.990980
4870	22.458853	11.027015	2.653185
1452	7.414650	23.177500	9.528690
2396	1.394729	6.438235	2.555365
2688	16.283045	23.619515	0.607725
1292	7.192316	9.341080	2.167005
4790	13.006863	29.377390	7.586890
3205	7.154907	17.509415	8.006275
2466	5.081841	5.301990	4.268675
2998	16.500000	2.677640	8.000070
1110	0.000000	7.620105	5.047220
4609	0.000000	10.760200	4.655575
2611	2.903998	16.379740	4.261375
1525	4.774894	20.687470	11.593495
2364	2.363889	18.721215	4.173775
3735	1.049529	13.163360	5.591435
1078	4.186086	6.839370	0.239805
1827	33.298944	19.213965	3.165645
2944	7.368252	23.634480	9.631985
1450	0.000000	4.695360	2.226500
0372	0.000000	14.747460	9.914860
3215	0.000000	2.892260	2.395860
4753	11.554806	20.246915	14.710960
2111	8.392772	26.291315	1.196105
3419	15.206176	27.915930	4.010985
0996	43.605120	34.951305	6.033450
2594	3.500000	10.422940	1.706375
1683	0.000000	11.637295	8.110665
4217	1.550880	14.294130	6.532405
4476	10.515071	17.641180	11.957400
4970	1.966901	8.381130	3.359095
2433	6.500000	4.795735	9.275380
3063	0.000000	16.171325	2.774000
1736	22.575761	26.331830	5.923220
3083	4.982277	6.274715	5.576835
1882	0.000000	11.763585	0.518665
0205	23.856848	11.545315	4.312110
0272	4.500000	10.210875	0.918705
2593	1.823018	10.082760	2.840795
2908	22.000000	4.113550	4.567245
0489	9.334630	17.411595	7.527030
4425	3.547645	10.352130	10.655445
0899	7.342140	17.308300	4.278165
1799	9.403163	17.043675	0.855560
2596	2.597549	12.589580	1.107045
3096	19.057958	25.435755	13.652460
2595	1.513396	8.945055	1.107045
4624	0.000000	15.880420	4.497165
2021	8.969072	11.617220	12.678275
4971	7.323221	12.683020	2.065900
1984	4.425704	6.092215	2.528355
1998	6.500000	28.467080	1.654180
2259	4.017844	17.893760	4.467600
0608	14.243717	12.593230	17.326550
4654	31.000000	27.151620	10.951460
0911	11.874645	0.712845	13.223950
3149	2.500000	13.844450	2.483460
1995	3.743952	13.807585	7.606235
4782	24.539288	34.706755	13.186355
1824	0.906335	13.441490	2.604275
0018	21.000000	31.388175	1.561835
4080	0.000000	12.875375	2.100575
4159	12.064572	4.169760	1.664400
2070	7.670683	2.960515	5.483760
4315	14.876105	7.117865	11.117170
4619	30.519924	4.650830	8.137310
1255	19.266325	13.962345	9.929095
3479	16.851413	22.081405	7.774135
3274	10.229263	21.369655	3.951855
2898	0.000000	12.671705	4.709960
4992	7.431296	8.496835	7.904075
1527	9.599218	6.069585	5.296515
0289	0.000000	19.973530	8.656340
3885	6.941336	11.321935	1.077845
2367	31.417827	13.918545	3.675915
3178	20.819561	30.497940	11.670145
2475	1.638803	11.855930	7.160935
3830	0.000000	9.463355	1.978665
4374	2.568459	12.408540	5.169495
1031	18.058505	28.278010	6.688625
1967	21.294586	22.967260	3.347415
4867	2.998705	7.889840	5.168765
3904	3.299775	9.949170	6.218140
1705	3.236170	21.992345	6.802870
0252	1.600037	6.465610	6.691180
4069	28.951826	11.462095	0.990245
2864	17.613766	2.521785	10.937225
2118	0.000000	8.278565	0.836945
4199	15.000000	29.475575	3.549625
0731	13.196914	20.238155	2.763050
4200	4.237288	21.863500	7.852610
4860	3.500000	23.594695	3.354715
1959	16.000000	24.287100	11.436180
0461	13.598073	4.891365	9.766670
0281	0.000000	13.551355	7.323360
2635	13.155112	28.207200	12.308165
3146	8.607988	5.381195	10.735745
4827	9.015627	1.874275	6.954345
0373	8.765883	23.982325	3.423335
4006	27.286441	26.172325	6.675485
3117	15.163619	29.145250	6.534595
2661	0.000000	9.144345	2.924015
3660	1.742519	17.295890	2.467765
1420	4.158898	14.517145	10.892695
0979	32.185631	16.136650	8.833365
2454	28.828476	4.464315	8.646120
4127	3.593863	8.440990	4.260645
3562	3.500000	6.797760	2.763780
4087	3.268570	8.063580	3.866080
0765	14.520439	27.035185	11.264995
4686	7.859717	11.594225	6.905435
4655	7.592262	11.655180	3.796730
4784	21.774560	8.707075	6.729140
2084	46.168837	32.529530	12.987795
3957	11.739827	7.601855	2.458275
1308	1.866694	7.593460	6.640445
3342	28.742211	16.737805	5.285200
0830	11.644831	15.478190	6.102435
0734	20.332619	13.515585	14.201055
4956	11.948159	11.362815	7.373365
2965	17.673729	9.475765	14.656940
1972	30.839648	35.395510	8.182935
3464	4.104874	6.617085	4.270500
3786	10.000000	10.866050	5.750210
2952	13.390558	22.317560	6.623290
4276	0.000000	4.223780	4.669445
2768	1.941535	4.026315	5.743640
3864	17.976510	11.016795	3.128780
3958	0.000000	14.058340	7.317885
4546	7.134041	12.781570	2.922920
2887	11.959314	18.605510	4.450445
2148	8.486500	13.683120	3.679565
4938	3.117051	8.379670	7.339055
2901	13.297788	25.601100	14.117835
1603	15.900028	27.787815	9.110400
4310	6.179092	10.253580	1.522050
1476	26.704328	16.732695	17.039295
1073	25.849066	38.611525	7.014570
0741	31.964055	42.689670	12.838510
3295	42.538994	42.337445	4.754855
3252	1.990515	18.814290	5.465875
2734	11.933998	22.001835	8.116140
4572	0.000000	16.256370	4.980425
1230	21.427760	35.933520	9.921795
2893	4.969437	8.205200	0.142350
1310	2.381065	2.415570	6.989020
1051	6.934482	4.160270	9.460800
4417	10.134332	19.154105	3.696355
0285	16.500000	3.088630	7.599300
0038	8.964454	22.671610	3.090820
2544	5.383259	9.240340	2.538210
3386	18.852792	17.131640	7.446000
3993	1.437977	9.909750	4.054785
2755	16.061167	15.113920	2.139995
2919	3.466776	11.613570	7.637990
0860	1.820554	2.494410	7.379205
2463	11.500000	17.268150	9.675785
2251	19.088851	10.554705	3.057240
1729	2.460002	4.643530	11.300765
4928	0.000000	9.184495	4.635865
1849	0.000000	1.050105	8.900890
2280	7.180250	8.784455	8.093875
3558	30.786292	14.040820	3.209810
0399	5.000000	16.048320	3.089725
4183	5.500000	12.187350	1.558550
4826	7.000000	17.006810	6.492255
4622	8.949764	14.198135	5.316590
1703	11.500000	20.019520	8.775330
0422	8.632107	12.721345	8.343900
2655	7.219546	20.461535	7.531045
0520	0.000000	8.648310	9.610815
2683	20.096904	22.281060	3.937620
4902	7.553439	12.135520	14.414580
4319	12.862350	10.543025	3.733950
4794	7.729941	13.114085	5.988920
2658	25.290154	33.689500	2.275775
3941	5.785882	2.939345	6.841560
3139	10.000000	24.118470	6.510870
4803	0.000000	19.259225	5.558585
4894	11.841177	23.155600	1.281515
3100	6.578033	10.074000	5.283010
3709	10.209419	9.683450	8.086210
4121	10.347252	6.503570	8.543190
4777	34.000000	9.305675	6.058270
4779	2.139943	6.195145	5.160370
3563	14.753988	20.257865	3.170025
1289	28.500000	25.823385	3.615690
1530	5.544383	3.378075	6.091485
3069	4.660388	9.291075	8.210675
0455	1.438047	13.301695	2.415570
2706	17.526731	6.040385	18.193425
0064	2.674218	21.406520	6.866745
2648	6.752971	18.924155	5.862265
2245	20.096133	10.966060	7.646750
3973	5.022295	14.607665	1.662940
0187	10.738456	23.527170	7.282115
3238	5.344594	4.132895	9.363710
0648	0.000000	7.521555	3.737600
0729	2.835162	6.208285	1.011050
2150	2.438044	7.097790	5.769190
0626	18.667411	30.103010	6.359760
4763	0.000000	2.256795	2.479080
0660	7.527843	25.060900	4.944655
1524	12.169799	2.697715	4.478550
3857	1.069240	2.737865	7.001430
4875	4.425481	8.196440	14.189010
1065	32.000000	6.040385	15.637695
0206	0.000000	10.074730	4.312110
4553	2.371318	9.694035	3.862430
1781	19.849205	40.282860	11.763950
2665	20.500000	25.272965	8.351200
2614	1.788284	6.882075	2.021370
0239	10.229954	2.202775	6.200985
0548	13.401311	29.746405	4.440590
0351	9.937199	23.693975	3.018550
4227	10.195757	10.342640	2.213360
3508	5.680647	17.023965	6.691545
1122	6.534887	20.201655	6.049875
0238	5.500000	10.092250	3.386835
1539	17.857788	28.050250	10.838310
1199	5.054970	9.418095	6.254640
0001	3.699517	11.596415	6.941570
0125	8.001120	14.856230	11.994995
4697	18.000000	10.378045	1.402695
0078	9.227801	12.913700	2.094735
3888	20.229230	21.247380	4.284005
4142	26.751724	17.038565	11.387635
1210	21.201171	18.374100	4.861435
3738	4.517292	35.497345	13.037070
2192	25.209074	5.219135	5.961910
2710	7.468660	14.682855	7.619740
1129	10.000000	11.258060	13.992275
0980	2.000000	9.052730	2.812325
2302	46.151933	30.537360	7.431035
0957	11.279581	17.890840	0.730000
4365	0.600796	9.569570	6.230185
1204	18.652436	23.407815	5.284470
1737	10.272382	16.279365	5.923220
3399	49.500000	15.402270	17.613440
4490	1.294051	18.223720	13.970010
1915	2.508853	10.628070	4.759235
3977	7.702621	13.275050	7.447460
1938	4.500000	8.765110	2.674355
2827	8.269560	10.491195	2.396225
0085	24.996904	6.557590	4.546075
4380	8.363403	12.423140	5.687065
1389	2.831510	10.080570	3.808775
4122	4.168135	9.041780	0.855195
4667	2.925287	9.733820	8.667655
3920	5.844737	3.295950	5.887450
2621	1.904753	2.668150	4.039090
1651	8.921310	13.532010	22.436915
2512	1.809626	24.022840	14.873750
3438	28.056357	21.161240	7.976345
2006	29.032106	31.299845	0.335070
3276	1.820108	6.606135	9.453135
3468	12.726005	18.023700	5.598005
2854	21.653240	11.331790	6.770750
1077	11.040399	23.424240	0.239805
2159	7.346309	19.996890	3.006505
3044	2.986878	5.888180	9.592930
1790	7.287960	2.593325	7.135020
4098	0.000000	15.560315	0.544945
3687	6.500000	9.623225	3.429905
3423	6.743038	6.039290	4.013540
0098	27.762872	16.585965	3.994195
4040	7.654590	13.230155	8.787010
4023	4.000000	13.480910	2.960515
0966	3.836133	22.974195	5.724660
2267	2.865749	12.775365	6.917480
2446	27.655509	13.043640	2.817435
4606	3.912769	10.256500	4.004780
0109	0.000000	2.779840	3.531375
1854	0.815361	2.849190	5.659690
1656	6.329166	1.856755	6.833895
2771	12.302220	12.342475	3.440490
2819	6.770197	11.633280	8.885925
4231	4.776179	18.474475	4.067925
2213	2.500000	8.670210	2.796995
3160	1.308544	2.074295	4.128880
0961	13.980426	27.871035	1.181870
0391	1.940381	3.756945	2.434185
0332	7.381325	19.136950	3.552180
0054	1.145353	2.486380	2.810500
0231	43.500000	19.700875	7.526300
4344	5.278779	4.991740	13.169200
1989	11.545214	22.146010	5.815545
0506	15.005526	26.136190	12.554540
4840	2.500000	1.856390	4.807050
0619	14.117235	19.825340	2.680925
2206	1.500000	10.734650	1.549425
3542	6.488620	11.559185	4.933340
1363	3.665231	16.550925	10.724065
2028	9.271644	11.803735	5.845475
2886	10.940606	9.277570	10.876635
0069	4.848433	11.774170	5.329365
4588	19.621313	10.243360	7.123340
3681	14.567696	22.354060	8.407410
0492	12.500000	19.010295	2.604640
2642	12.957383	27.451285	7.701500
4636	7.286598	15.429645	1.252315
3498	6.828529	13.390390	8.782630
3514	6.000000	22.493855	1.652355
4653	39.654849	30.989230	1.854200
2381	4.000000	3.026945	7.264230
3827	7.225695	5.292500	4.313205
3799	7.742025	4.912535	10.874080
3115	0.000000	10.412355	2.558285
3601	14.404457	24.759410	12.211440
3270	6.000000	1.796895	9.452770
1335	19.079853	4.623090	6.535690
2821	13.793832	20.791495	1.884495
3955	11.500000	17.423275	7.434320
2408	4.327972	15.488775	4.597905
0981	16.226574	26.791730	2.396955
3373	2.765882	12.028940	4.853040
2681	2.330234	12.281885	5.516975
0642	5.392281	19.501220	1.243920
2581	33.719725	24.809050	11.962510
4072	17.943678	27.909725	0.839865
3022	3.638399	9.408240	7.876335
0595	0.000000	8.965130	3.762055
4368	0.000000	2.996650	5.730135
4257	0.654457	4.955240	2.219200
0782	5.154884	17.574750	3.994925
1748	14.486451	14.626280	9.120620
1466	7.791736	7.984740	4.541330
0341	5.515530	1.154860	6.310485
0542	0.000000	13.397690	4.136910
1744	11.606460	16.207460	6.054620
3228	20.943278	38.223530	16.948045
0779	16.076500	13.008600	5.681225
0278	17.500358	26.335115	8.099715
3612	26.690760	34.055595	11.991710
2719	2.263811	4.926040	9.073170
0892	18.533832	21.593035	6.296250
0679	12.000000	23.757485	2.479080
1961	3.895853	7.491260	4.636230
2638	16.119748	12.095005	12.170560
2964	10.500000	6.212665	3.268210
1029	1.135547	0.863225	5.812990
4579	19.119719	4.048580	4.612870
3229	2.254994	6.966025	8.149355
3290	13.003570	25.458750	11.641310
0521	14.874654	16.730140	0.265355
3509	10.271464	14.009795	1.619505
1131	8.785794	8.121615	11.735845
4251	3.048500	10.390820	9.702430
3650	0.335779	3.740520	4.158445
1358	31.031764	42.733835	0.903010
1611	11.847000	15.242035	3.596710
4684	28.800121	35.991190	3.358000
4554	3.020690	15.023765	8.085845
2055	17.260025	26.122685	3.564590
0255	29.492981	15.290580	10.110865
0140	13.362264	18.452210	1.838505
2235	2.625568	9.962310	4.448255
4252	26.628456	30.370920	6.468530
2538	9.900465	11.020810	3.717525
1099	21.703666	29.182115	8.458510
3293	0.000000	2.754655	5.648740
1731	22.487908	13.117735	7.812095
1092	16.452169	6.431300	3.270035
3847	39.064981	7.239045	3.125495
1794	11.507797	33.276685	6.164120
3410	11.930741	4.574910	10.011585
1614	0.000000	7.641275	2.104225
0314	10.809912	14.272960	7.765010
2060	6.711923	11.366465	9.138505
3375	41.500000	0.645685	4.563230
2858	24.097003	6.997780	13.894090
2096	15.345702	2.518500	5.065470
0885	9.387806	8.993235	2.965625
0426	37.900757	29.029545	10.858385
3360	0.000000	12.698350	6.072505
3070	19.675784	19.700145	8.458875
2513	28.266899	21.950735	17.352830
2799	4.597628	5.123870	7.654050
1287	1.921209	7.218240	1.317285
2136	10.033936	18.054725	4.472710
2729	14.000000	15.415775	1.864055
4617	1.733850	10.538645	5.316225
0515	8.347880	14.038265	3.610215
4683	1.292000	5.080800	6.935730
1084	2.037013	10.464185	5.404190
0733	2.353602	4.731860	4.756315
0312	1.835887	20.641115	0.436905
0421	1.985728	2.919635	9.221360
2469	6.627938	4.010620	8.983380
3617	46.875516	16.954615	6.992670
3584	0.000000	18.865390	5.066565
0016	18.000000	6.941570	11.840235
0196	1.799518	7.477390	2.056045
3905	2.997525	41.077830	6.046590
3881	13.989790	19.339890	3.018185
0808	0.000000	1.854930	1.408170
1088	30.270243	2.068455	6.378740
4189	26.557326	37.378920	6.442980
3314	0.000000	8.792120	0.811395
0126	10.914343	11.994995	11.809210
4550	1.684842	6.927335	4.734050
3682	0.898076	10.481705	7.577035
2447	44.087795	50.152095	8.304480
1826	11.203123	15.617985	5.021670
4843	32.790684	11.100380	22.631825
0600	3.302920	12.551620	0.227760
1261	17.341560	17.848135	2.661580
2693	18.000000	17.632420	1.498690
4424	13.727607	17.126530	1.769155
2597	8.771232	13.864160	1.107045
4512	2.846743	23.528630	4.759235
2249	10.713318	20.985675	7.579955
3789	10.914436	20.093980	12.770985
3462	8.934696	21.316365	9.214790
3014	7.500000	21.119630	7.583970
2368	2.838023	4.488770	7.649305
1383	4.527804	10.177660	4.101140
2091	0.000000	2.649900	10.030930
4547	17.621706	17.918215	10.120720
1946	0.000000	3.909515	3.232805
3152	22.120804	29.155470	3.212730
0809	6.040611	20.912310	18.719390
2380	18.326595	18.504405	6.890835
3372	1.628161	11.142355	10.825900
1021	0.000000	14.056880	5.591435
4297	6.523339	14.839075	6.701400
3037	32.139600	35.010070	10.551785
0474	3.500000	4.647180	1.804560
2290	13.499771	27.879430	7.620470
1771	6.258813	7.641275	5.305640
1848	9.461853	14.163460	8.926805
2622	0.000000	12.523150	7.366795
4192	13.339509	18.446370	9.181210
2694	3.698863	1.852375	9.100545
1154	12.300221	19.059205	13.644065
1874	4.259734	11.904475	12.411095
0072	17.033117	22.293835	15.672370
2441	26.732428	39.472925	12.336635
3776	11.391008	2.045095	15.689160
1625	6.670695	10.899995	2.475795
1139	14.402726	17.307570	10.786480
4710	6.182975	16.386310	8.245350
1175	24.720082	42.913415	12.644695
3720	12.810402	5.039190	8.558520
0546	2.759758	4.634040	7.094140
1086	12.762073	16.894025	3.792350
2503	5.297483	14.694900	0.578160
2226	1.178407	7.041215	3.431365
1022	8.000000	15.874945	5.953880
1543	35.410115	40.281400	2.396590
2867	23.161752	32.006120	7.129545
0909	28.341293	18.880355	30.399390
3758	0.000000	0.401135	4.636960
1387	12.106522	9.972165	13.081235
3801	22.956045	16.795110	4.076685
1713	22.558900	36.758055	2.000200
0329	28.207412	3.681755	2.983145
0768	4.278345	6.691180	1.347945
4534	3.559010	9.254575	5.928330
4754	0.000000	3.334640	1.270930
4657	5.331674	6.875140	9.960485
2718	0.000000	6.125065	13.381995
2416	17.117050	27.837090	10.889775
2327	17.284158	0.383615	3.650365
1858	5.050143	9.795140	2.791885
2801	2.012957	13.844815	6.800315
0805	1.844123	5.516610	3.684310
0713	12.086553	15.407015	2.509740
2690	9.535796	11.635105	9.571395
4071	2.979720	7.618645	3.554005
4082	15.341786	9.858650	1.335535
2210	0.000000	18.420820	8.823875
0309	45.351088	37.982630	4.538775
3532	4.024025	2.216645	5.881245
4017	17.046550	7.727050	8.431865
