Sample	Coalescent Time	First Ascertained	First Unascertained	IndexAtCoalescent
1143	19.286315960594454	24.226510	7.331755	0
2426	2.1549599999999973	3.205430	4.057340	1
1845	5.29688	16.938555	5.564425	0
0891	26.00329206675884	12.289185	5.150880	0
2933	18.62011	11.711025	15.469795	0
4236	6.32107	11.294195	3.212000	1
1349	16.0016	2.364105	7.635800	0
0484	6.052794999999998	14.650005	3.514950	0
3456	19.401594278308625	16.491795	5.719550	0
3361	57.105345	25.749655	9.407145	0
3333	16.953884999999996	15.918380	15.139835	0
1006	29.08904000000001	17.063385	6.842290	0
4465	4.984805000000005	13.236360	3.488670	0
3965	19.1698	11.754095	6.147330	0
0156	22.438010000000002	2.978035	9.427585	1
0357	9.519929999999999	16.116940	8.178920	0
4520	20.540249432081268	21.294830	17.217415	0
0924	15.068615848755552	12.274950	8.563995	0
4151	1.2304149999999996	9.764480	5.431200	0
3806	20.66666499999999	15.240940	15.333650	0
0987	6.8446624999999965	9.745865	2.957230	0
3953	1.895080000000002	6.927335	2.830210	1
1336	3.571524999999996	15.544255	2.814880	0
0943	20.161140000000014	27.616630	7.819395	0
2285	23.93499067336734	18.980000	11.041250	0
1190	29.397100000000002	11.045265	2.703920	0
3000	8.747484645344516	14.666065	2.971830	0
2815	14.945230585356045	17.332390	5.847300	0
4085	19.091689999999996	14.722640	6.414875	0
0658	14.006145000000002	12.592865	2.987160	0
1459	24.006414999999997	30.022345	19.114685	0
2377	14.479915	25.458020	3.633940	0
2207	20.16479	18.284675	4.424165	0
2872	20.595125	19.425665	2.054220	0
2505	5.139565000000006	9.419190	0.578160	0
2122	18.643834999999996	18.674130	5.404190	0
0633	17.622200000000007	15.691715	9.672135	1
1370	19.872681479285504	33.638400	10.476960	0
2696	12.276775000000002	15.414680	1.060690	0
2487	17.12069	3.375155	11.035045	0
0002	25.5955964818954	10.270370	6.941570	0
4011	9.67906999999999	8.490630	12.552350	0
4279	29.0281634014151	9.936030	3.440855	0
0442	6.43611608691821	15.243495	9.949900	0
0223	22.075564999999997	21.198105	5.210740	0
3533	62.90811500000001	8.413615	9.188510	0
0714	6.119589999999996	8.939945	3.920465	0
2412	29.482692500000006	20.394740	11.682555	0
3552	45.717345	37.292050	10.572225	0
2736	22.39347999999999	16.829785	4.330725	0
3239	0.7248900000000107	19.071250	8.842125	0
0035	1.4464949999999928	11.664305	3.090820	0
1438	37.40264499999999	13.545515	4.366130	0
2534	13.980457229092583	21.288260	10.464185	0
4399	10.677345	3.198495	6.245880	0
3124	11.31719	10.675885	14.311285	1
4223	10.124735	12.219835	3.323325	0
3596	49.91359937681892	11.142720	9.081200	0
0578	4.321116349436067	8.772045	4.635135	0
1391	10.126308877022723	13.870730	3.705845	0
1897	23.649810000000002	23.606010	2.345855	0
2672	9.717030000000003	17.313775	5.996950	0
2725	6.696127036740631	5.758970	8.866215	0
0775	23.440944954060697	31.576515	10.559815	0
1297	18.255110000000002	17.490435	7.659890	0
4243	17.55885184588241	12.074930	6.882805	0
0313	20.319914999999998	5.110730	3.693435	1
0912	27.611885000000004	14.517145	7.618280	0
3002	10.649240000000006	6.632780	6.539340	0
0297	10.01852	16.934905	6.326180	0
2578	14.743755260105898	19.927540	1.977205	0
2689	14.665281880382263	20.643305	1.198660	0
2348	17.055719999999997	17.722940	8.269805	0
3817	20.657540000000004	31.542935	11.339455	0
0661	2.1375221009094156	5.027510	3.616055	0
3347	8.497929999999998	10.527695	3.159440	0
2342	19.09607	21.317825	3.072935	0
4116	21.23351	1.043535	4.066465	0
1479	4.14786	8.480775	8.030365	0
4878	22.511288178008197	26.017200	7.212400	0
0519	18.57485	36.531025	2.381260	0
1322	4.079239999999997	11.901555	4.292765	0
3836	35.647725	9.600960	16.688895	0
0827	12.645789999999998	13.442220	9.642935	0
3629	13.314835000000002	19.914035	4.986995	0
1145	3.314200000000002	9.569935	4.646085	1
2537	15.426725000000001	28.536065	10.453600	0
0082	5.429375000000002	16.850955	8.889210	0
4712	7.5752099999999984	7.745665	7.745300	0
0129	5.112554999999993	9.805360	2.730200	1
4396	6.8680225	6.742645	2.631285	0
3109	4.180484384928641	6.591535	3.782495	0
2762	5.278995	13.590410	2.326145	0
1875	24.540069433234173	11.597875	5.570995	0
0983	0.89717	7.903345	4.468695	0
3753	22.393479999999997	25.774475	7.112390	0
4450	6.468165000000002	11.133595	8.067595	0
0099	13.184198793018394	16.794745	3.727380	0
2817	22.956310000000002	15.995030	2.006405	0
2120	16.06803	2.985700	10.984310	0
3842	4.861800000000002	9.432330	4.190200	1
2103	3.1025	16.056350	4.197500	0
0721	36.67155	19.055920	2.127585	0
0972	15.205132763583078	17.438970	9.767035	0
2508	18.800055	17.214130	17.352830	0
4204	31.031205	24.765250	2.852110	0
1939	13.72071499999999	9.091785	5.357470	0
1081	11.548110169667913	6.575840	4.447890	0
3310	4.533299999999993	10.718590	1.054120	1
4050	28.00572	26.050415	2.832035	0
1538	27.969585000000006	38.392160	13.656110	0
2592	4.1431150000000025	6.394435	4.118660	1
2457	19.868497418622834	14.454000	5.040650	0
2521	17.426925000000008	8.647945	11.923820	1
4916	11.545315	14.906965	5.457480	0
0728	18.61646	24.813065	9.355315	0
0425	46.16228	3.280255	1.694330	1
0235	15.847426150076041	18.152910	15.107350	0
0412	3.4165294240648016	15.943930	3.871190	0
0273	31.373575000000002	2.328700	8.496835	0
4038	29.389799999999997	4.883700	10.575875	0
3517	16.214395000000003	15.655215	5.528655	0
4865	2.510834999999999	5.934535	9.213695	0
4674	12.7020560782292	8.764015	4.696090	0
3287	7.775595000000006	10.109040	5.282645	0
2973	3.229520000000003	13.600630	3.707305	1
3988	7.3787406930262	10.323295	7.589080	0
2352	1.128579999999999	9.903545	4.886255	1
3684	3.056145000000002	10.877365	3.771545	0
3523	27.521128416042693	31.703900	16.894025	0
4808	0.823075	1.200120	4.292400	0
1695	11.385517255687683	24.600270	4.617615	0
4934	5.208915	24.717800	14.310555	0
2373	44.56894119394473	11.647880	6.957265	0
3493	16.526809423118937	8.224545	3.633575	0
0621	18.088653709664747	28.617460	16.803505	0
2714	17.11449401377847	23.245755	2.180145	0
1795	17.927704999999992	23.906405	4.135450	0
4791	16.247245000000007	6.805425	2.605370	0
0799	6.824399165220569	13.086710	5.319510	0
2651	10.851085000000005	4.034345	4.951225	0
4186	18.143784999999998	14.138640	4.114280	0
1125	35.948485000000005	28.316700	20.715940	0
3289	2.161530000000004	18.610255	4.731860	0
0028	15.838445	22.037240	9.630890	0
2991	9.360059999999997	4.286195	9.310055	0
0559	18.22568556260498	2.565950	12.679735	0
0900	0.1708199999999986	13.228330	6.538245	0
0093	4.407010000000003	3.331720	6.606500	1
3443	13.271571864564427	21.950005	8.250460	0
4586	19.800985902986554	13.606105	7.832535	0
2114	18.757714999999997	32.839780	15.337665	0
4007	13.990450000000001	18.190870	5.457845	0
0777	66.34951749999999	20.746965	3.842355	0
0423	6.829879999999998	4.707770	3.944555	1
1447	30.584601704950067	18.552220	11.610285	0
4688	24.944100000000006	10.047720	2.275775	0
2978	38.77176	30.476040	5.170225	0
4643	17.108645000000003	10.738300	3.094105	0
0572	8.992504999999996	8.669115	7.950430	0
4594	4.893920000000001	13.427255	4.238380	0
2470	3.4952400000000003	13.841530	7.142685	0
0971	10.2417175	11.732560	6.050240	0
2467	17.468754236411183	17.833170	11.160240	0
2223	17.0314475	10.159045	5.026780	0
2531	18.744783976490773	21.396300	2.783125	0
4466	18.13174	18.682525	8.173810	0
0627	14.422245000000002	11.759570	8.574945	0
1412	8.5483	21.359435	4.325615	0
4049	11.523096062832394	16.397990	4.886255	0
1366	2.145105	9.219170	4.950495	1
2989	29.572300000000002	18.031365	3.965360	0
4468	11.71066	13.949205	7.151080	0
0955	34.118205766731336	36.313485	0.914325	0
3277	9.218321414970804	1.555265	8.817305	0
1699	6.694829999999999	13.944460	3.791985	0
3669	2.4053500000000003	11.086510	0.816140	0
4036	10.083817923061973	17.301730	6.419255	0
0199	9.303850000000006	17.014475	6.556495	0
1278	2.467764999999996	8.955275	4.851215	0
1304	18.506594999999997	10.357240	13.983515	0
2086	9.997605856056712	5.453830	7.568275	0
0219	10.645589999999997	18.678145	5.463320	0
2686	30.07527000000001	25.083165	6.711620	0
3226	7.469059297622764	10.179850	6.411225	0
1852	6.826001986063889	10.841960	3.118925	0
4292	7.96722	15.417235	3.074760	0
2615	14.988177499999999	14.352895	7.686900	0
0612	5.569535	6.317785	3.380265	0
3661	20.752439999999996	27.963015	5.886720	0
3436	6.488970000000001	5.316955	4.343865	1
2711	51.09817499999999	20.688565	7.619740	0
0527	4.081429999999999	14.971570	9.538910	0
1638	77.81033500000001	23.622435	5.541795	0
4382	2.0516650000000003	5.931615	2.765240	0
1847	20.885665000000007	6.952155	9.014040	0
1817	20.173570354561292	13.557195	5.127155	0
0656	16.694299339001986	8.632980	10.833565	0
0493	34.8417626238107	10.659460	4.220860	0
4416	20.74441	17.026520	8.278200	0
3068	35.96929	39.727695	8.458875	0
2255	15.255184387451019	10.865320	6.481305	0
1451	20.881285000000002	18.456955	8.025255	0
3849	6.339818203076507	11.308065	2.923285	0
1208	39.482415	38.431215	3.069285	0
4138	22.154405000000004	4.713610	4.953780	0
0709	42.56848999999999	10.776625	3.745265	0
0580	27.90072514586073	24.219940	14.075130	0
0581	22.11608	14.075130	18.679605	0
2836	41.955655	38.725040	9.776525	0
1900	14.689425000000002	17.299905	6.001330	0
4733	21.798215104715037	22.159880	8.294990	0
2073	6.578395000000004	13.137080	4.892825	0
1246	1.8052899999999972	3.199955	5.959355	1
3823	27.75387	11.406615	8.164320	0
4263	32.503980000000006	26.857065	18.932550	0
1704	27.67503	6.802870	7.379205	0
0368	28.878986550475307	17.508320	5.933805	0
0901	15.393145000000006	11.935500	3.651460	0
0881	31.43416500000001	2.717425	5.787440	0
3244	5.843284999999998	9.422110	2.361550	1
1360	12.513527370101315	13.954315	4.612870	0
3643	10.843419999999998	17.959825	4.980790	0
1920	11.277039999999998	4.165380	12.670245	0
4161	8.12125	12.440660	1.657100	0
1714	7.234366462859558	16.495810	8.081830	0
0070	28.80871999999999	29.396005	1.249760	0
2002	23.558195	28.606510	1.810400	0
3784	14.760628874350276	18.249635	6.759070	0
0460	31.867054999999997	29.462070	6.070315	0
2422	24.830610333909107	30.497940	0.376680	0
0283	11.117535	11.045265	5.554935	0
1747	22.970732992946456	26.752675	9.120620	0
1227	12.815515000000001	5.412585	12.562570	0
2507	30.74286366400744	26.699750	13.559750	0
0113	6.688873282801938	7.858450	2.632745	0
0834	8.992504999999998	12.553445	3.686135	0
1759	10.457983083179972	11.632915	4.207720	0
0441	2.3797999999999995	7.314235	3.012345	1
2967	17.36785777936154	14.304715	3.938715	0
0030	14.992375000000001	11.772345	6.361950	0
0635	13.505365000000005	10.742680	6.087470	0
0556	6.502720699986403	10.324390	2.441850	0
1965	21.587560000000003	22.383625	7.031725	0
3964	13.148759999999998	9.216615	12.712950	0
4335	7.34426194934173	13.612675	2.138535	0
1954	24.89372999999999	24.232715	11.200025	0
3155	16.324720187570104	13.311915	6.690815	0
2350	10.929559999999999	14.913900	10.045165	0
4503	11.260250000000003	4.669080	2.368850	0
1637	0.568304999999996	11.156955	8.715105	0
4154	11.507525886932184	21.829920	12.290280	0
2459	2.9010199999999986	19.324195	9.343270	0
0890	6.315959999999995	18.572660	4.635865	0
1556	27.11293	23.130050	15.218310	0
2186	21.37294	20.684550	12.374960	0
1761	8.25291667895007	7.470820	2.499520	0
3266	11.355909446273756	4.580385	8.300830	0
3035	4.154430000000001	19.377485	1.682285	0
2462	6.25155877426139	11.972730	1.013240	0
1195	29.377390000000002	20.490735	12.460735	0
2811	8.263965000000002	2.902115	4.492055	0
0366	5.922812224610097	13.738235	3.953680	0
1791	9.207855	10.577335	9.075360	0
3700	38.82506583783601	43.384265	4.685505	0
3884	30.918054999999992	33.317565	3.997845	0
1981	18.654518625255417	11.991710	4.575275	0
1361	11.421762499999994	13.001300	4.612870	0
2410	5.9330750000000005	11.215355	5.885990	1
4746	47.86593817680643	42.299120	2.088530	0
4304	15.913999999999994	15.373070	3.079870	0
4329	18.87123	5.058535	0.665030	0
2246	23.118370000000002	23.276415	10.758010	0
4641	13.902120000000002	16.119495	10.495940	0
4962	39.23823000000001	7.617550	5.998045	0
4642	31.879405708049383	4.222320	10.872985	0
0480	7.0459600000000036	7.360955	5.749115	0
3816	11.07118	23.874650	11.777090	0
4094	10.123210370593508	13.953585	5.764445	0
3637	12.168562768815283	4.020110	9.694035	0
4744	21.070303166758503	25.716440	4.603380	0
3260	5.899860000000004	10.547040	4.394965	0
2293	5.911617173909085	6.518535	12.773175	0
2434	47.26952685282782	3.784320	16.743280	0
3549	6.120597357499025	14.397790	8.164685	0
1512	14.743041611484452	17.553580	2.112620	0
2082	11.161699999999998	12.600895	5.926505	0
4250	10.019250000000001	7.885095	9.241070	0
1887	10.000269999999995	21.428785	3.154330	0
1112	16.739804486397997	3.289745	10.625150	0
1082	12.473135733121245	15.010625	8.412520	0
0991	15.279630000000004	1.952385	7.333580	0
2353	16.779780000000002	17.109010	0.761390	0
1377	11.424148476345714	4.750110	4.954510	0
3555	8.220529999999998	7.886190	5.092845	0
3976	29.109845000000007	17.077620	5.203440	0
1934	4.506655000000004	4.896840	1.439560	1
2840	34.284085	16.829785	3.309090	0
2222	12.701999999999996	9.812660	5.184825	0
0022	29.431045000000005	30.756360	9.630890	0
2471	39.252464999999994	3.886885	10.029105	0
0443	67.30015999999999	26.009535	15.486220	0
1660	26.060270000000006	25.519705	4.985535	0
3779	30.012153755618783	11.346390	3.093010	0
2977	27.707515	34.742160	4.142020	0
3535	10.967155000000002	15.069025	4.934435	0
3267	54.08840891872501	5.031890	9.384150	0
1002	36.65038000000001	28.383495	10.454695	0
0006	9.256896075061523	10.860210	6.941570	0
2668	16.04321	11.982220	8.677875	0
4921	9.799670256037865	3.293760	5.477190	0
3985	29.990526934641842	37.599380	9.627605	0
0466	2.6068300000000035	8.810735	2.844080	0
4301	10.257685138683769	2.157515	10.894155	0
4206	41.984855	6.439695	2.852110	0
3223	24.745905000000008	17.568180	14.303620	0
1390	4.016863867548204	13.442220	3.925210	0
2876	3.1838950000000033	20.345100	2.245480	0
3652	46.4561543891212	29.683260	9.180115	0
4444	21.74282137538305	23.957140	6.799585	0
2662	10.978470000000003	11.816875	4.335470	0
4356	19.32860832644775	27.863370	2.848460	0
0665	11.088593709971533	13.491130	3.620800	0
4081	11.600065000000004	16.342875	3.121115	0
2644	5.909350000000003	22.823085	6.423635	0
4785	31.861214999999998	13.467770	7.208750	0
0652	15.823845000000004	14.683220	12.747260	0
2609	23.663290399824515	28.612350	15.178160	0
2603	4.6511949999999995	3.669345	0.531805	1
1164	24.391648162116553	22.805565	6.164120	0
2465	9.031194999999995	19.182575	7.300365	0
4354	37.30746819083309	17.112660	9.290710	0
4966	7.477755000000002	19.506330	9.037765	0
0195	7.767199999999999	10.957665	6.804695	0
2229	6.175070000000001	2.346585	3.001030	0
0308	5.031508873712357	1.420215	6.448820	0
4942	15.210645000000005	10.781735	5.779775	0
1123	4.116470000000001	11.307335	8.114315	0
4427	2.5349250000000025	16.182640	2.506455	0
1240	17.80068499999999	16.388500	2.627635	0
2741	5.201615	2.880945	3.067825	1
4945	6.703954999999998	2.857585	8.979000	0
1801	12.300865	9.096530	9.832370	0
3450	20.195085000000006	26.969120	6.200985	0
0776	3.414939999999998	8.703425	5.292500	1
4419	3.5605750000000023	3.564225	9.262605	0
3978	21.244095	20.150555	5.974685	0
2262	9.21041	6.520360	14.475535	0
2456	4.449714999999998	24.399885	2.369580	0
3875	7.834359999999999	13.272130	3.026580	0
1963	44.6301577495046	47.254725	3.920100	0
2551	7.959629043933447	3.582110	9.187050	0
0970	41.67982859835642	18.128455	2.536750	0
3081	21.54321702753478	19.928635	5.765175	0
1128	15.28318906297634	16.293600	12.131505	0
1386	22.836590000000008	8.067960	14.047755	0
3234	31.61411	1.868800	7.894220	1
4381	19.792125000000002	17.541170	1.491390	0
0586	3.217475000000001	9.242895	6.335670	0
3463	4.8486600000000015	8.951990	7.633245	1
2962	15.156077499999999	15.896115	1.186615	0
4426	9.043969999999996	12.023830	10.572590	0
2510	8.531509999999999	2.190730	0.578160	0
4275	4.282180000000002	7.034645	1.704915	1
4991	1.1866150000000026	10.651430	2.817800	0
4369	4.1817713953016105	10.121085	4.935530	0
1235	14.561152923535843	7.277370	10.290080	0
3522	5.908524472761368	15.843190	4.235460	0
2153	7.10144	10.598870	4.307365	1
0359	3.5598449999999993	1.140260	2.400240	0
2907	3.975548274075814	10.340085	4.113550	0
0826	31.361165000000003	25.663515	4.792450	0
3466	14.361386645454095	21.495945	3.078775	0
4564	45.70384	4.767265	13.971105	0
3382	30.650315691683474	3.866445	8.489170	0
1319	3.970835	18.026255	7.112390	0
0602	16.954938586441255	14.353260	1.591765	0
3207	16.015835	18.238685	6.751040	0
1238	14.272369482434643	20.352400	10.089330	0
4634	29.49033401118634	13.435285	2.279790	0
0780	19.982290000000006	12.242830	7.639815	0
0345	9.184515053932342	8.115045	3.887250	0
3607	2.914525000000002	2.428345	3.540865	1
3749	15.674560000000003	7.116040	4.914725	0
1579	11.075790747333127	7.938020	8.178190	0
0137	22.81438295572676	38.573565	4.409565	0
4341	47.03499499999998	26.039100	4.608125	0
3337	6.6532199999999975	9.880185	14.037900	0
0926	5.199603780259016	15.948310	10.533170	0
3852	7.950429999999998	9.400940	7.818300	0
0953	12.737769999999998	8.739560	15.591340	0
0722	6.403559999999999	9.718125	5.948040	0
3742	42.4847483174004	5.071675	16.471355	0
4539	11.435815	3.879220	9.277570	0
2295	23.203171109026798	20.723240	4.159175	0
1758	25.135725000000004	7.214955	5.564425	0
0893	23.172253176043824	22.231055	4.835520	0
4531	4.002955000000002	16.034085	2.826195	0
4051	3.0116886918577177	9.091785	2.832035	0
1912	19.879734155836175	10.272925	6.578395	0
3087	21.748652947647578	9.891865	13.554275	0
3085	36.620815	12.149755	5.321700	0
0823	17.89522	21.401045	9.555700	0
2839	20.4266775	13.580190	2.762320	0
2776	19.367995	8.768395	9.395830	0
3834	22.22554668989684	14.893460	1.403425	0
2497	8.603415000000004	9.518470	1.000465	1
4995	12.77938	10.666395	9.326115	0
3046	1.307795000000001	13.142190	0.903010	0
4386	13.558418526588982	23.713320	6.932080	0
4039	27.602394999999998	30.216160	4.228890	0
1698	39.50541	15.070485	9.342175	0
3343	24.481827499999994	10.793050	7.569005	0
3318	26.455930000000002	28.049520	11.427785	0
1362	14.165285000000004	20.222825	0.932940	0
1829	18.363794722365732	23.549435	10.269275	0
2425	12.070590821321467	18.910650	5.737070	0
4510	14.147400000000006	27.925785	1.396125	0
2339	15.298610000000002	11.930025	3.959885	0
0993	1.4505099999999982	2.439660	3.487210	1
2166	42.61448	23.817710	7.003255	0
0200	17.9165725	14.157255	6.556495	0
0290	8.973889999999999	21.312350	12.682290	0
2252	18.787425572180652	8.745765	4.602650	0
4024	8.69138	12.971735	7.329565	0
3940	4.526365	5.791090	3.307630	0
1792	13.912705000000004	13.630560	5.646915	0
3763	21.1683575	21.961320	6.687530	0
4384	7.611345000000004	4.215020	6.183100	0
4031	17.375224238476648	21.508355	10.417100	0
3218	13.124305000000003	14.581385	3.510570	1
1722	10.896162499999999	11.777820	8.610715	0
1471	20.423575000000003	13.701005	7.395995	0
3284	6.1401182139027695	8.923155	7.089395	0
3961	13.11299	19.717665	3.465310	0
3135	27.676855000000007	27.829060	3.126590	0
0916	26.037639999999993	9.045430	2.529085	0
2873	7.9251160016277655	9.702795	8.214690	0
4140	39.272905	7.468995	12.516945	0
0524	23.979222499999995	8.984475	11.646785	0
2220	6.293330000000004	5.849855	1.775725	0
0149	16.77795500000001	25.608765	0.766865	0
3739	4.026315000000002	2.409365	4.511035	0
4405	10.576000595443615	14.340120	2.971100	0
2931	33.86761999999999	23.540310	4.608490	0
1496	45.675828190038814	3.198495	5.383385	0
2254	34.23772999999999	26.335115	2.936060	0
0802	26.91844831257256	13.504635	1.047185	0
0397	10.322930000000001	12.804200	3.927400	0
0296	12.802691139973115	24.895190	0.920530	0
0390	5.516609999999998	3.408005	6.880615	0
3491	44.54825	11.650435	14.756585	0
0683	16.90205500000001	24.936800	1.288085	0
0318	26.744300272572143	46.008615	3.855860	0
4325	15.750480000000003	18.835460	4.391315	0
0377	0.5405650000000037	15.178890	5.366595	1
3042	13.690376350645053	17.193690	4.020840	0
1061	55.40181410408024	1.611110	3.382455	0
0796	10.201665427918895	27.784165	6.633875	0
1647	3.7339499999999908	5.417330	3.228790	0
1464	14.85185	30.316170	16.017660	0
1613	14.57846499999999	18.173715	5.475730	0
0277	14.320044999999997	14.292305	7.693470	0
3719	7.890985182773082	16.974690	5.039190	0
2298	23.283218530453105	10.071445	5.599465	0
0216	9.280223112496987	23.026755	3.226235	0
4802	12.834495000000002	19.383690	4.170125	0
1851	4.13763999999999	21.852550	11.810670	0
3703	5.353820000000008	2.639680	1.507815	0
4742	4.255899999999999	11.673065	0.912500	1
4576	15.075595000000002	24.037805	7.227000	0
1951	9.595850000000002	11.653355	10.856195	0
2519	8.26849076758686	16.979800	5.506390	0
4078	8.789276637757613	8.341710	4.000400	0
4438	21.990155	4.670540	6.292600	0
0710	29.689829999999994	0.998640	2.564125	0
1631	5.411855000000004	11.955575	3.420415	1
4472	54.211989999999986	25.455830	2.108970	0
3348	10.383104883733365	6.951425	1.759665	0
2013	7.3109500000000045	12.013975	4.988820	0
3048	10.13021	27.863735	7.927070	0
4595	1.999835	14.763155	3.983245	0
3054	10.803134924543313	13.515220	1.827920	0
1665	5.873579999999999	8.360690	2.346585	0
0573	2.1543922206838833	7.369715	4.082160	0
3728	2.371405	3.872650	9.713745	0
3873	14.615329999999998	1.601620	0.537280	0
0287	14.582893059375518	12.884135	8.429675	0
4829	20.388170000000002	23.264735	3.072570	0
1780	34.84271135351038	21.968620	21.165985	0
0315	29.323370000000008	2.301325	6.140395	0
1017	18.8137425	6.813090	7.824140	0
0134	22.882231287502357	4.974220	5.972495	0
3590	4.451175000000005	11.669050	2.131600	0
4403	19.986305	20.997720	3.801110	0
1317	6.578759999999995	3.348510	6.065935	0
0978	12.533735000000004	22.915065	4.272690	0
3167	12.045729999999999	23.776830	4.788800	0
0400	5.634935841822475	17.166680	5.112920	0
1855	7.361320000000001	18.651500	1.277135	0
1649	20.756455	22.871630	9.794775	0
3194	11.009859999999998	12.278235	9.271000	0
3850	14.405455	31.332695	6.675485	0
3892	64.46575089957335	53.984595	2.545875	0
2008	23.392034052031896	24.373970	12.142455	0
0143	43.9168	20.046165	11.365370	0
0889	4.567244999999997	7.757710	4.826030	0
0092	34.86060250000002	23.753470	9.288520	0
2916	8.055550000000002	4.789895	16.055255	0
1773	2.488205000000001	8.084020	1.491025	0
0320	19.13293282773136	6.961645	4.273420	0
1686	23.635575000000003	15.015370	8.584070	0
1380	24.901212500000003	24.574720	12.245750	0
1115	1.3778750000000002	5.544715	11.397490	0
4132	5.923584999999992	5.960085	8.346090	0
3118	6.230670092873232	2.279425	4.921295	0
2303	27.130449999999996	19.234770	17.041120	0
3434	20.187055000000004	6.591535	1.588480	0
1544	15.517062500000003	20.357875	11.296020	0
1542	14.656209999999996	15.601195	3.970835	0
3188	13.308373443386058	15.227800	1.384080	0
0310	5.5582199999999995	13.233440	1.555630	0
1927	1.1585100000000037	15.672370	2.438565	1
4797	11.99098	14.949670	1.057405	0
3791	6.395164999999998	17.619645	7.164950	0
0712	63.695054999999996	9.001995	11.990980	0
4870	39.70324	11.027015	2.653185	0
1452	12.367253458904049	23.177500	9.528690	0
2396	3.3441300000000007	6.438235	2.555365	0
2688	23.502350000000007	23.619515	0.607725	0
1292	7.192315602968812	9.341080	2.167005	0
4790	26.369790000000002	29.377390	7.586890	0
3205	14.49196	17.509415	8.006275	0
2466	5.081841323066361	5.301990	4.268675	0
2998	18.408044999999998	2.677640	8.000070	0
1110	8.781535000000002	7.620105	5.047220	1
4609	5.167669999999999	10.760200	4.655575	1
2611	4.92969	16.379740	4.261375	0
1525	15.616525000000006	20.687470	11.593495	0
2364	8.203374999999998	18.721215	4.173775	0
3735	8.132929999999996	13.163360	5.591435	0
1078	4.887497211394392	6.839370	0.239805	0
1827	36.90817472034402	19.213965	3.165645	0
2944	7.368252253037391	23.634480	9.631985	0
1450	0.095265	4.695360	2.226500	1
0372	1.7355749999999983	14.747460	9.914860	1
3215	5.092844999999996	2.892260	2.395860	1
4753	20.770324999999996	20.246915	14.710960	0
2111	16.22279000000001	26.291315	1.196105	0
3419	21.091889999999996	27.915930	4.010985	0
0996	59.982275000000016	34.951305	6.033450	0
2594	2.2768699999999984	10.422940	1.706375	0
1683	0.9610449999999987	11.637295	8.110665	1
4217	1.0011949999999983	14.294130	6.532405	0
4476	22.949739999999995	17.641180	11.957400	0
4970	7.021140000000001	8.381130	3.359095	0
2433	8.971334999999998	4.795735	9.275380	0
3063	0.20439999999999675	16.171325	2.774000	1
1736	23.073063056693336	26.331830	5.923220	0
3083	4.982276586707305	6.274715	5.576835	0
1882	0.7686899999999999	11.763585	0.518665	1
0205	28.235545689669475	11.545315	4.312110	0
0272	3.4665874999999984	10.210875	0.918705	0
2593	3.28208	10.082760	2.840795	0
2908	22.089434999999995	4.113550	4.567245	0
0489	9.334630305930993	17.411595	7.527030	0
4425	10.525505	10.352130	10.655445	0
0899	7.342140229094267	17.308300	4.278165	0
1799	9.403162971344006	17.043675	0.855560	0
2596	5.384114999999998	12.589580	1.107045	0
3096	24.06893088487691	25.435755	13.652460	0
2595	2.241829999999998	8.945055	1.107045	0
4624	2.8918949999999946	15.880420	4.497165	1
2021	19.558525	11.617220	12.678275	0
4971	11.600430000000001	12.683020	2.065900	0
1984	13.444775000000002	6.092215	2.528355	0
1998	7.560609999999999	28.467080	1.654180	0
2259	15.715075	17.893760	4.467600	0
0608	15.097859999999999	12.593230	17.326550	0
4654	27.357480000000002	27.151620	10.951460	0
0911	15.383655	0.712845	13.223950	0
3149	0.9752800000000003	13.844450	2.483460	0
1995	9.661989590821456	13.807585	7.606235	0
4782	26.306851414178727	34.706755	13.186355	0
1824	1.5924949999999944	13.441490	2.604275	0
0018	20.487450000000006	31.388175	1.561835	0
4080	1.1537650000000002	12.875375	2.100575	1
4159	12.064571684219134	4.169760	1.664400	0
2070	18.4836	2.960515	5.483760	0
4315	18.808277818391034	7.117865	11.117170	0
4619	42.33707999999999	4.650830	8.137310	0
1255	23.331165000000002	13.962345	9.929095	0
3479	22.194190000000006	22.081405	7.774135	0
3274	12.729009999999999	21.369655	3.951855	0
2898	9.17026	12.671705	4.709960	1
4992	13.318119999999997	8.496835	7.904075	0
1527	11.019823361645683	6.069585	5.296515	0
0289	0.9636000000000012	19.973530	8.656340	1
3885	16.82431	11.321935	1.077845	0
2367	32.383845205722515	13.918545	3.675915	0
3178	27.22024	30.497940	11.670145	0
2475	1.6388031484697794	11.855930	7.160935	0
3830	5.23994	9.463355	1.978665	1
4374	10.31928	12.408540	5.169495	0
1031	31.120264999999996	28.278010	6.688625	0
1967	21.294585556198502	22.967260	3.347415	0
4867	4.684775000000007	7.889840	5.168765	0
3904	8.800515000000003	9.949170	6.218140	0
1705	6.92478	21.992345	6.802870	0
0252	9.877265000000001	6.465610	6.691180	0
4069	33.45663000000001	11.462095	0.990245	0
2864	27.162569999999995	2.521785	10.937225	0
2118	6.038560000000001	8.278565	0.836945	1
4199	15.104065	29.475575	3.549625	0
0731	13.196913566419571	20.238155	2.763050	0
4200	9.270270000000004	21.863500	7.852610	0
4860	6.223250000000006	23.594695	3.354715	0
1959	15.907065000000001	24.287100	11.436180	0
0461	27.845041362557996	4.891365	9.766670	0
0281	4.757409999999999	13.551355	7.323360	1
2635	27.149795	28.207200	12.308165	0
3146	17.789369999999995	5.381195	10.735745	0
4827	16.60418979810757	1.874275	6.954345	0
0373	21.68684	23.982325	3.423335	0
4006	34.59250999999999	26.172325	6.675485	0
3117	20.57069224101047	29.145250	6.534595	0
2661	2.095100000000001	9.144345	2.924015	1
3660	2.711584999999997	17.295890	2.467765	0
1420	10.720050000000002	14.517145	10.892695	0
0979	37.28694	16.136650	8.833365	0
2454	28.82847593934454	4.464315	8.646120	0
4127	4.720545000000004	8.440990	4.260645	0
3562	3.208715	6.797760	2.763780	0
4087	4.680395000000001	8.063580	3.866080	0
0765	30.142429999999997	27.035185	11.264995	0
4686	7.859716927206947	11.594225	6.905435	0
4655	8.743615769160499	11.655180	3.796730	0
4784	45.346140000000005	8.707075	6.729140	0
2084	46.16883668054931	32.529530	12.987795	0
3957	13.56924	7.601855	2.458275	0
1308	4.146400000000003	7.593460	6.640445	0
3342	28.742210987889976	16.737805	5.285200	0
0830	20.479054999999995	15.478190	6.102435	0
0734	29.209855000000005	13.515585	14.201055	0
4956	28.701238788990796	11.362815	7.373365	0
2965	17.673729020494104	9.475765	14.656940	0
1972	39.08055	35.395510	8.182935	0
3464	8.80745	6.617085	4.270500	0
3786	9.841859999999999	10.866050	5.750210	0
2952	20.88457	22.317560	6.623290	0
4276	12.143915000000002	4.223780	4.669445	1
2768	4.343500000000003	4.026315	5.743640	0
3864	27.076429999999995	11.016795	3.128780	0
3958	1.7662350000000036	14.058340	7.317885	1
4546	7.134040508623129	12.781570	2.922920	0
2887	12.350474236452378	18.605510	4.450445	0
2148	10.809109999999999	13.683120	3.679565	0
4938	7.075525	8.379670	7.339055	0
2901	17.515255	25.601100	14.117835	0
1603	15.900027869952854	27.787815	9.110400	0
4310	6.9242859208812	10.253580	1.522050	0
1476	26.704328119441236	16.732695	17.039295	0
1073	35.73089349135357	38.611525	7.014570	0
0741	49.239595	42.689670	12.838510	0
3295	42.53899375767047	42.337445	4.754855	0
3252	10.972630000000002	18.814290	5.465875	0
2734	20.12902	22.001835	8.116140	0
4572	9.353855	16.256370	4.980425	1
1230	29.862839999999995	35.933520	9.921795	0
2893	9.79076	8.205200	0.142350	0
1310	12.866980000000005	2.415570	6.989020	0
1051	13.348901470273065	4.160270	9.460800	0
4417	13.278335	19.154105	3.696355	0
0285	19.560349999999996	3.088630	7.599300	0
0038	19.401210000000003	22.671610	3.090820	0
2544	10.422939999999999	9.240340	2.538210	0
3386	18.85279198378295	17.131640	7.446000	0
3993	4.425259999999996	9.909750	4.054785	0
2755	16.06116720381434	15.113920	2.139995	0
2919	11.33033	11.613570	7.637990	0
0860	6.023229999999996	2.494410	7.379205	0
2463	20.33050000000001	17.268150	9.675785	0
2251	27.866654999999998	10.554705	3.057240	0
1729	8.434784999999996	4.643530	11.300765	0
4928	5.093209999999998	9.184495	4.635865	1
1849	2.245114999999996	1.050105	8.900890	1
2280	7.489251495558119	8.784455	8.093875	0
3558	47.365319999999976	14.040820	3.209810	0
0399	0.4967650000000017	16.048320	3.089725	0
4183	6.0841850000000015	12.187350	1.558550	0
4826	1.893254999999999	17.006810	6.492255	0
4622	14.95624	14.198135	5.316590	0
1703	7.686899999999999	20.019520	8.775330	0
0422	17.156459999999996	12.721345	8.343900	0
2655	17.15208	20.461535	7.531045	0
0520	14.096665000000002	8.648310	9.610815	1
2683	24.804305000000006	22.281060	3.937620	0
4902	14.393485310845131	12.135520	14.414580	0
4319	16.076425	10.543025	3.733950	0
4794	12.112890000000002	13.114085	5.988920	0
2658	26.907050686146363	33.689500	2.275775	0
3941	6.061547535101146	2.939345	6.841560	0
3139	10.695594999999999	24.118470	6.510870	0
4803	0.25112000000000295	19.259225	5.558585	1
4894	22.395305000000004	23.155600	1.281515	0
3100	6.9056396407259815	10.074000	5.283010	0
3709	22.453704999999996	9.683450	8.086210	0
4121	10.347252195660348	6.503570	8.543190	0
4777	35.482927499999995	9.305675	6.058270	0
4779	4.098585000000001	6.195145	5.160370	0
3563	15.389495000000007	20.257865	3.170025	0
1289	30.840675000000005	25.823385	3.615690	0
1530	5.977791969227163	3.378075	6.091485	0
3069	4.80851	9.291075	8.210675	0
0455	5.032619999999998	13.301695	2.415570	0
2706	19.497584918925764	6.040385	18.193425	0
0064	8.251555000000002	21.406520	6.866745	0
2648	8.649039999999998	18.924155	5.862265	0
2245	22.492238540316777	10.966060	7.646750	0
3973	15.717994999999997	14.607665	1.662940	0
0187	10.738456394022968	23.527170	7.282115	0
3238	5.344594261577769	4.132895	9.363710	0
0648	6.268509999999998	7.521555	3.737600	1
0729	15.319415000000001	6.208285	1.011050	0
2150	10.893424999999999	7.097790	5.769190	0
0626	28.155369999999998	30.103010	6.359760	0
4763	3.0484800000000005	2.256795	2.479080	1
0660	14.814254999999994	25.060900	4.944655	0
1524	18.551608049692156	2.697715	4.478550	0
3857	8.340249999999997	2.737865	7.001430	0
4875	14.909519999999999	8.196440	14.189010	0
1065	43.898914999999995	6.040385	15.637695	0
0206	4.017920000000002	10.074730	4.312110	1
4553	12.716600000000001	9.694035	3.862430	0
1781	25.568615	40.282860	11.763950	0
2665	28.00937	25.272965	8.351200	0
2614	2.540035	6.882075	2.021370	0
0239	21.62844	2.202775	6.200985	0
0548	29.26361760779489	29.746405	4.440590	0
0351	6.224345	23.693975	3.018550	0
4227	10.195756552366863	10.342640	2.213360	0
3508	12.595419999999997	17.023965	6.691545	0
1122	8.71255	20.201655	6.049875	0
0238	1.5538050000000014	10.092250	3.386835	0
1539	17.85778823755801	28.050250	10.838310	0
1199	7.902980000000001	9.418095	6.254640	0
0001	23.550895000000004	11.596415	6.941570	0
0125	18.695665	14.856230	11.994995	0
4697	14.529555000000009	10.378045	1.402695	0
0078	15.438405000000003	12.913700	2.094735	0
3888	24.47106000000001	21.247380	4.284005	0
4142	38.774315	17.038565	11.387635	0
1210	21.20117096352888	18.374100	4.861435	0
3738	4.742810000000002	35.497345	13.037070	0
2192	35.65818744717463	5.219135	5.961910	0
2710	7.50227861722801	14.682855	7.619740	0
1129	11.290180000000001	11.258060	13.992275	0
0980	6.543720000000002	9.052730	2.812325	0
2302	48.17538498326353	30.537360	7.431035	0
0957	12.245964061599599	17.890840	0.730000	0
4365	0.7300000000000006	9.569570	6.230185	0
1204	18.652436177021176	23.407815	5.284470	0
1737	16.844385	16.279365	5.923220	0
3399	52.20339499999999	15.402270	17.613440	0
4490	15.771284999999999	18.223720	13.970010	0
1915	8.730434999999996	10.628070	4.759235	0
3977	7.821220000000001	13.275050	7.447460	0
1938	6.024689999999995	8.765110	2.674355	0
2827	8.269560310325696	10.491195	2.396225	0
0085	30.650509999999993	6.557590	4.546075	0
4380	11.299803115108721	12.423140	5.687065	0
1389	5.52141814454313	10.080570	3.808775	0
4122	8.336964999999998	9.041780	0.855195	0
4667	8.54392	9.733820	8.667655	0
3920	15.748472499999995	3.295950	5.887450	0
2621	2.1056849999999985	2.668150	4.039090	0
1651	21.49485	13.532010	22.436915	0
2512	18.074070000000003	24.022840	14.873750	0
3438	35.38182246162461	21.161240	7.976345	0
2006	29.03210576986756	31.299845	0.335070	0
3276	17.488609999999998	6.606135	9.453135	0
3468	17.447365000000005	18.023700	5.598005	0
2854	23.00031769068197	11.331790	6.770750	0
1077	11.770885	23.424240	0.239805	0
2159	12.55527	19.996890	3.006505	0
3044	9.556064999999998	5.888180	9.592930	0
1790	8.032255613291962	2.593325	7.135020	0
4098	7.504765000000001	15.560315	0.544945	1
3687	7.683797500000001	9.623225	3.429905	0
3423	11.433989999999994	6.039290	4.013540	0
0098	33.42933778564638	16.585965	3.994195	0
4040	7.755435398627941	13.230155	8.787010	0
4023	5.726484999999998	13.480910	2.960515	0
0966	18.293435000000002	22.974195	5.724660	0
2267	8.274185000000003	12.775365	6.917480	0
2446	27.718829999999993	13.043640	2.817435	0
4606	9.59877	10.256500	4.004780	0
0109	0.8161400000000006	2.779840	3.531375	1
1854	2.350965000000001	2.849190	5.659690	0
1656	7.915390000000004	1.856755	6.833895	0
2771	12.30222045331199	12.342475	3.440490	0
2819	11.21645	11.633280	8.885925	0
4231	10.172915000000003	18.474475	4.067925	0
2213	1.5749750000000022	8.670210	2.796995	0
3160	14.270405000000002	2.074295	4.128880	0
0961	22.379245	27.871035	1.181870	0
0391	1.9403811923035692	3.756945	2.434185	0
0332	17.961649999999995	19.136950	3.552180	0
0054	1.5971087660764522	2.486380	2.810500	0
0231	45.32606500000001	19.700875	7.526300	0
4344	12.98086	4.991740	13.169200	0
1989	13.319173922789831	22.146010	5.815545	0
0506	28.997060000000005	26.136190	12.554540	0
4840	1.6822850000000007	1.856390	4.807050	0
0619	16.975380934869435	19.825340	2.680925	0
2206	5.468064999999996	10.734650	1.549425	0
3542	7.369631563312067	11.559185	4.933340	0
1363	4.174505000000001	16.550925	10.724065	0
2028	14.105425000000004	11.803735	5.845475	0
2886	10.940606038789243	9.277570	10.876635	0
0069	13.694799999999997	11.774170	5.329365	0
4588	26.75997499999999	10.243360	7.123340	0
3681	14.567696066350045	22.354060	8.407410	0
0492	6.260479999999998	19.010295	2.604640	0
2642	19.85381	27.451285	7.701500	0
4636	7.683105793188387	15.429645	1.252315	0
3498	6.828528907343383	13.390390	8.782630	0
3514	8.539904999999997	22.493855	1.652355	0
4653	53.46191499999998	30.989230	1.854200	0
2381	9.526135000000002	3.026945	7.264230	0
3827	12.222287282593975	5.292500	4.313205	0
3799	9.658629999999997	4.912535	10.874080	0
3115	0.42120999999999953	10.412355	2.558285	1
3601	24.913439999999998	24.759410	12.211440	0
3270	8.028539999999996	1.796895	9.452770	0
1335	19.079852850117142	4.623090	6.535690	0
2821	23.462930000000007	20.791495	1.884495	0
3955	11.916155000000009	17.423275	7.434320	0
2408	7.639815000000003	15.488775	4.597905	0
0981	19.78574018799798	26.791730	2.396955	0
3373	11.354419999999996	12.028940	4.853040	0
2681	6.71016	12.281885	5.516975	0
0642	11.211704999999997	19.501220	1.243920	0
2581	44.96873	24.809050	11.962510	0
4072	31.50607000000001	27.909725	0.839865	0
3022	13.712320000000002	9.408240	7.876335	0
0595	0.22265	8.965130	3.762055	1
4368	0.8694300000000008	2.996650	5.730135	1
4257	1.702725	4.955240	2.219200	0
0782	7.2032750000000005	17.574750	3.994925	0
1748	17.02044277850064	14.626280	9.120620	0
1466	16.360395000000004	7.984740	4.541330	0
0341	12.66842	1.154860	6.310485	0
0542	6.764544999999997	13.397690	4.136910	1
1744	14.925859897252513	16.207460	6.054620	0
3228	22.342744999999997	38.223530	16.948045	0
0779	28.410504999999997	13.008600	5.681225	0
0278	22.547874999999998	26.335115	8.099715	0
3612	30.059209999999993	34.055595	11.991710	0
2719	6.908719999999998	4.926040	9.073170	0
0892	20.740148757277105	21.593035	6.296250	0
0679	22.874550000000006	23.757485	2.479080	0
1961	4.361233986521707	7.491260	4.636230	0
2638	16.119748004212436	12.095005	12.170560	0
2964	17.388965	6.212665	3.268210	0
1029	5.969210000000003	0.863225	5.812990	0
4579	39.632795	4.048580	4.612870	0
3229	5.302504098169121	6.966025	8.149355	0
3290	15.973859999999998	25.458750	11.641310	0
0521	18.734074030111007	16.730140	0.265355	0
3509	11.659195	14.009795	1.619505	0
1131	14.616760015880885	8.121615	11.735845	0
4251	11.073005000000004	10.390820	9.702430	0
3650	6.959455	3.740520	4.158445	0
1358	35.436025	42.733835	0.903010	0
1611	14.886634077485896	15.242035	3.596710	0
4684	28.800121370079363	35.991190	3.358000	0
4554	9.107115	15.023765	8.085845	0
2055	17.260025157208922	26.122685	3.564590	0
0255	35.68641500000001	15.290580	10.110865	0
0140	25.493789999999997	18.452210	1.838505	0
2235	3.8660799999999953	9.962310	4.448255	0
4252	41.277485000000006	30.370920	6.468530	0
2538	18.97635	11.020810	3.717525	0
1099	28.784994999999995	29.182115	8.458510	0
3293	3.7478199999999973	2.754655	5.648740	1
1731	28.38751	13.117735	7.812095	0
1092	16.452169110928466	6.431300	3.270035	0
3847	38.60459000000001	7.239045	3.125495	0
1794	14.445605	33.276685	6.164120	0
3410	14.661787349998907	4.574910	10.011585	0
1614	4.237649999999999	7.641275	2.104225	1
0314	24.569975000000007	14.272960	7.765010	0
2060	17.751776923894294	11.366465	9.138505	0
3375	41.589924999999994	0.645685	4.563230	0
2858	24.4039	6.997780	13.894090	0
2096	15.859250000000003	2.518500	5.065470	0
0885	11.006574999999996	8.993235	2.965625	0
0426	38.32914236805679	29.029545	10.858385	0
3360	8.77898	12.698350	6.072505	1
3070	32.984685	19.700145	8.458875	0
2513	28.26689944763869	21.950735	17.352830	0
2799	5.946459033120552	5.123870	7.654050	0
1287	6.2743499999999965	7.218240	1.317285	0
2136	23.6383125	18.054725	4.472710	0
2729	13.955045000000002	15.415775	1.864055	0
4617	9.494380000000003	10.538645	5.316225	0
0515	10.905834999999998	14.038265	3.610215	0
4683	2.801739999999997	5.080800	6.935730	0
1084	11.641675	10.464185	5.404190	0
0733	2.3536024001865865	4.731860	4.756315	0
0312	2.5352900000000003	20.641115	0.436905	0
0421	4.923119999999996	2.919635	9.221360	0
2469	19.025625000000005	4.010620	8.983380	0
3617	47.637823618892085	16.954615	6.992670	0
3584	5.369515000000003	18.865390	5.066565	1
0016	16.05854	6.941570	11.840235	0
0196	2.676741668706404	7.477390	2.056045	0
3905	11.166445000000001	41.077830	6.046590	0
3881	19.29025	19.339890	3.018185	0
0808	6.333115	1.854930	1.408170	1
1088	31.92292923790338	2.068455	6.378740	0
4189	34.183345	37.378920	6.442980	0
3314	0.12044999999999889	8.792120	0.811395	1
0126	10.914342944206593	11.994995	11.809210	0
4550	16.44325	6.927335	4.734050	0
3682	14.153604999999995	10.481705	7.577035	0
2447	45.22423	50.152095	8.304480	0
1826	14.86038129547921	15.617985	5.021670	0
4843	33.43561915230246	11.100380	22.631825	0
0600	20.656810000000004	12.551620	0.227760	0
1261	22.5351	17.848135	2.661580	0
2693	11.726719999999997	17.632420	1.498690	0
4424	14.475164005086807	17.126530	1.769155	0
2597	10.560033815074748	13.864160	1.107045	0
4512	3.7182550000000005	23.528630	4.759235	0
2249	11.022868015099027	20.985675	7.579955	0
3789	14.53544662156828	20.093980	12.770985	0
3462	8.94323	21.316365	9.214790	0
3014	17.95727	21.119630	7.583970	0
2368	6.526199999999998	4.488770	7.649305	0
1383	7.082460000000002	10.177660	4.101140	0
2091	33.222300000000004	2.649900	10.030930	1
4547	20.2064	17.918215	10.120720	0
1946	0.39712	3.909515	3.232805	1
3152	24.432376168569203	29.155470	3.212730	0
0809	23.411465	20.912310	18.719390	0
2380	21.403600000000004	18.504405	6.890835	0
3372	11.64423	11.142355	10.825900	0
1021	4.488040000000001	14.056880	5.591435	1
4297	6.523338682776065	14.839075	6.701400	0
3037	32.13960036543815	35.010070	10.551785	0
0474	2.8495550000000005	4.647180	1.804560	0
2290	19.44537500000001	27.879430	7.620470	0
1771	6.2588131745262086	7.641275	5.305640	0
1848	9.461852643884146	14.163460	8.926805	0
2622	6.099880000000003	12.523150	7.366795	1
4192	13.339509268260509	18.446370	9.181210	0
2694	5.793645	1.852375	9.100545	0
1154	18.932002500000003	19.059205	13.644065	0
1874	19.368725	11.904475	12.411095	0
0072	23.477894999999997	22.293835	15.672370	0
2441	39.71259733826315	39.472925	12.336635	0
3776	17.271435	2.045095	15.689160	0
1625	11.804325319345951	10.899995	2.475795	0
1139	22.677734788390122	17.307570	10.786480	0
4710	11.661020000000006	16.386310	8.245350	0
1175	34.529365	42.913415	12.644695	0
3720	14.918969116771821	5.039190	8.558520	0
0546	8.91403	4.634040	7.094140	0
1086	12.76207263113425	16.894025	3.792350	0
2503	10.44448589076773	14.694900	0.578160	0
2226	1.8593100000000056	7.041215	3.431365	0
1022	6.809075000000002	15.874945	5.953880	0
1543	44.351332500000005	40.281400	2.396590	0
2867	30.505970000000005	32.006120	7.129545	0
0909	32.607639999999996	18.880355	30.399390	0
3758	8.043505	0.401135	4.636960	1
1387	12.165648450116018	9.972165	13.081235	0
3801	23.535327485782748	16.795110	4.076685	0
1713	33.93805123879762	36.758055	2.000200	0
0329	36.733026543635994	3.681755	2.983145	0
0768	14.78542	6.691180	1.347945	0
4534	13.032690000000008	9.254575	5.928330	0
4754	8.867675000000002	3.334640	1.270930	1
4657	6.140095888180455	6.875140	9.960485	0
2718	9.236324999999997	6.125065	13.381995	1
2416	20.11807	27.837090	10.889775	0
2327	17.948874999999997	0.383615	3.650365	0
1858	5.79524005739468	9.795140	2.791885	0
2801	8.263234999999993	13.844815	6.800315	0
0805	3.439395	5.516610	3.684310	0
0713	12.086552623549697	15.407015	2.509740	0
2690	9.616832343488266	11.635105	9.571395	0
4071	6.855794999999999	7.618645	3.554005	0
4082	25.35718999156662	9.858650	1.335535	0
2210	7.8989649999999925	18.420820	8.823875	1
0309	45.61975055421584	37.982630	4.538775	0
3532	7.836333327311067	2.216645	5.881245	0
4017	20.774312822173837	7.727050	8.431865	0
