Sample	Coalescent Time	First Ascertained	First Unascertained	IndexAtCoalescent
1143	19.286315960594454	24.226510	7.331755	0
2426	2.1549599999999973	3.205430	4.057340	1
1845	5.29688	16.938555	5.564425	0
0891	24.457188495672057	12.289185	5.150880	0
2933	18.62011	11.711025	15.469795	0
4236	6.32107	11.294195	3.212000	1
1349	16.0016	2.364105	7.635800	0
0484	3.285792965825044	14.650005	3.514950	0
3456	19.401594278308625	16.491795	5.719550	0
3361	53.385332282641244	25.749655	9.407145	0
3333	7.634024038634853	15.918380	15.139835	0
1006	13.551738063286484	17.063385	6.842290	0
4465	4.984805000000005	13.236360	3.488670	0
3965	21.218909999999997	11.754095	6.147330	0
0156	22.438010000000002	2.978035	9.427585	1
0357	9.519929999999999	16.116940	8.178920	0
4520	20.540249432081268	21.294830	17.217415	0
0924	14.565534704224058	12.274950	8.563995	0
4151	13.556829999999998	9.764480	5.431200	0
3806	14.898449038588561	15.240940	15.333650	0
0987	10.755089999999997	9.745865	2.957230	0
3953	1.895080000000002	6.927335	2.830210	1
1336	11.804830000000004	15.544255	2.814880	0
0943	16.414050000000014	27.616630	7.819395	0
2285	21.31372875063508	18.980000	11.041250	0
1190	24.061894999999993	11.045265	2.703920	0
3000	3.656077244655875	14.666065	2.971830	0
2815	14.765716014487895	17.332390	5.847300	0
4085	19.091689999999996	14.722640	6.414875	0
0658	6.368185537257652	12.592865	2.987160	0
1459	37.91109	30.022345	19.114685	0
2377	3.575271687835519	25.458020	3.633940	0
2207	20.16479	18.284675	4.424165	0
2872	20.595125	19.425665	2.054220	0
2505	3.095199999999998	9.419190	0.578160	0
2122	18.643834999999996	18.674130	5.404190	0
0633	17.622200000000007	15.691715	9.672135	1
1370	19.872681479285504	33.638400	10.476960	0
2696	12.276775000000002	15.414680	1.060690	0
2487	4.418950465423065	3.375155	11.035045	0
0002	24.82529431790971	10.270370	6.941570	0
4011	9.67906999999999	8.490630	12.552350	0
4279	29.0281634014151	9.936030	3.440855	0
0442	6.43611608691821	15.243495	9.949900	0
0223	22.075564999999997	21.198105	5.210740	0
3533	55.43155536839354	8.413615	9.188510	0
0714	10.144444999999994	8.939945	3.920465	0
2412	43.87847500000001	20.394740	11.682555	0
3552	31.990276478793156	37.292050	10.572225	0
2736	22.39347999999999	16.829785	4.330725	0
3239	16.68634000000001	19.071250	8.842125	0
0035	1.4464949999999928	11.664305	3.090820	0
1438	37.40264499999999	13.545515	4.366130	0
2534	13.980457229092583	21.288260	10.464185	0
4399	2.218607700832251	3.198495	6.245880	0
3124	11.31719	10.675885	14.311285	1
4223	3.1094349999999995	12.219835	3.323325	0
3596	49.91359937681892	11.142720	9.081200	0
0578	2.95067539998078	8.772045	4.635135	0
1391	10.126308877022723	13.870730	3.705845	0
1897	26.503745	23.606010	2.345855	0
2672	9.717030000000003	17.313775	5.996950	0
2725	5.99632944863152	5.758970	8.866215	0
0775	21.745504829779243	31.576515	10.559815	0
1297	11.179518897115068	17.490435	7.659890	0
4243	12.183235999398287	12.074930	6.882805	0
0313	20.319914999999998	5.110730	3.693435	1
0912	12.723436688201621	14.517145	7.618280	0
3002	2.8853722699109863	6.632780	6.539340	0
0297	5.343599999999995	16.934905	6.326180	0
2578	11.908375039966568	19.927540	1.977205	0
2689	12.112146051982934	20.643305	1.198660	0
2348	3.5096422382682477	17.722940	8.269805	0
3817	15.729879276636604	31.542935	11.339455	0
0661	2.1375221009094156	5.027510	3.616055	0
3347	6.723299999999997	10.527695	3.159440	0
2342	13.463521565682038	21.317825	3.072935	0
4116	8.311599912184738	1.043535	4.066465	0
1479	6.0998800000000015	8.480775	8.030365	0
4878	20.73790264796307	26.017200	7.212400	0
0519	18.57485	36.531025	2.381260	0
1322	4.079239999999997	11.901555	4.292765	0
3836	22.944428540468387	9.600960	16.688895	0
0827	12.645789999999998	13.442220	9.642935	0
3629	15.12852	19.914035	4.986995	0
1145	3.314200000000002	9.569935	4.646085	1
2537	15.426725000000001	28.536065	10.453600	0
0082	5.429375000000002	16.850955	8.889210	0
4712	7.5752099999999984	7.745665	7.745300	0
0129	5.112554999999993	9.805360	2.730200	1
4396	1.717376211920389	6.742645	2.631285	0
3109	2.9416170720108976	6.591535	3.782495	0
2762	0.41573499999999913	13.590410	2.326145	0
1875	24.540069433234173	11.597875	5.570995	0
0983	0.89717	7.903345	4.468695	0
3753	0.3989450000000039	25.774475	7.112390	0
4450	6.468165000000002	11.133595	8.067595	0
0099	10.787262965679302	16.794745	3.727380	0
2817	13.942295509347412	15.995030	2.006405	0
2120	16.06803	2.985700	10.984310	0
3842	4.861800000000002	9.432330	4.190200	1
2103	3.1025	16.056350	4.197500	0
0721	34.16996537678262	19.055920	2.127585	0
0972	15.048317828493893	17.438970	9.767035	0
2508	18.800055	17.214130	17.352830	0
4204	31.031205	24.765250	2.852110	0
1939	13.72071499999999	9.091785	5.357470	0
1081	10.560044768042069	6.575840	4.447890	0
3310	4.533299999999993	10.718590	1.054120	1
4050	8.46971252644163	26.050415	2.832035	0
1538	27.969585000000006	38.392160	13.656110	0
2592	4.1431150000000025	6.394435	4.118660	1
2457	19.868497418622834	14.454000	5.040650	0
2521	17.426925000000008	8.647945	11.923820	1
4916	7.869277591986038	14.906965	5.457480	0
0728	18.61646	24.813065	9.355315	0
0425	46.16228	3.280255	1.694330	1
0235	15.474290912314611	18.152910	15.107350	0
0412	3.067380739063862	15.943930	3.871190	0
0273	14.716357760726511	2.328700	8.496835	0
4038	17.854560180866223	4.883700	10.575875	0
3517	9.424702582138249	15.655215	5.528655	0
4865	2.510834999999999	5.934535	9.213695	0
4674	11.75519129574865	8.764015	4.696090	0
3287	7.775595000000006	10.109040	5.282645	0
2973	3.229520000000003	13.600630	3.707305	1
3988	6.240827898943285	10.323295	7.589080	0
2352	1.128579999999999	9.903545	4.886255	1
3684	3.056145000000002	10.877365	3.771545	0
3523	26.252676516385662	31.703900	16.894025	0
4808	0.823075	1.200120	4.292400	0
1695	11.385517255687683	24.600270	4.617615	0
4934	5.208915	24.717800	14.310555	0
2373	38.93799627864958	11.647880	6.957265	0
3493	16.526809423118937	8.224545	3.633575	0
0621	18.088653709664747	28.617460	16.803505	0
2714	14.1448552497571	23.245755	2.180145	0
1795	8.350788368553134	23.906405	4.135450	0
4791	4.545928372703257	6.805425	2.605370	0
0799	6.824399165220569	13.086710	5.319510	0
2651	1.3528788929302684	4.034345	4.951225	0
4186	7.250500975806077	14.138640	4.114280	0
1125	32.257748668132905	28.316700	20.715940	0
3289	2.161530000000004	18.610255	4.731860	0
0028	15.838445	22.037240	9.630890	0
2991	9.360059999999997	4.286195	9.310055	0
0559	15.557998758726448	2.565950	12.679735	0
0900	7.890569999999999	13.228330	6.538245	0
0093	4.407010000000003	3.331720	6.606500	1
3443	13.271571864564427	21.950005	8.250460	0
4586	19.800985902986554	13.606105	7.832535	0
2114	18.757714999999997	32.839780	15.337665	0
4007	13.990450000000001	18.190870	5.457845	0
0777	47.44779005708786	20.746965	3.842355	0
0423	6.829879999999998	4.707770	3.944555	1
1447	24.7588832252598	18.552220	11.610285	0
4688	12.286367058134086	10.047720	2.275775	0
2978	22.935242879495778	30.476040	5.170225	0
4643	17.108645000000003	10.738300	3.094105	0
0572	8.992504999999996	8.669115	7.950430	0
4594	4.893920000000001	13.427255	4.238380	0
2470	6.042940000000001	13.841530	7.142685	0
0971	3.487628620982541	11.732560	6.050240	0
2467	17.468754236411183	17.833170	11.160240	0
2223	5.658560099862676	10.159045	5.026780	0
2531	15.95695747568705	21.396300	2.783125	0
4466	13.67997178490324	18.682525	8.173810	0
0627	5.03194994370394	11.759570	8.574945	0
1412	8.5483	21.359435	4.325615	0
4049	11.463209039444475	16.397990	4.886255	0
1366	2.145105	9.219170	4.950495	1
2989	16.733325532406248	18.031365	3.965360	0
4468	8.279648600549718	13.949205	7.151080	0
0955	34.118205766731336	36.313485	0.914325	0
3277	9.218321414970804	1.555265	8.817305	0
1699	6.694829999999999	13.944460	3.791985	0
3669	2.4053500000000003	11.086510	0.816140	0
4036	7.825735830981054	17.301730	6.419255	0
0199	9.303850000000006	17.014475	6.556495	0
1278	2.467764999999996	8.955275	4.851215	0
1304	5.898650613898137	10.357240	13.983515	0
2086	9.038883920193342	5.453830	7.568275	0
0219	3.8579004543464928	18.678145	5.463320	0
2686	21.68386753763199	25.083165	6.711620	0
3226	7.469059297622764	10.179850	6.411225	0
1852	5.739391551901773	10.841960	3.118925	0
4292	7.96722	15.417235	3.074760	0
2615	7.783698710690947	14.352895	7.686900	0
0612	5.569535	6.317785	3.380265	0
3661	26.270509999999998	27.963015	5.886720	0
3436	6.488970000000001	5.316955	4.343865	1
2711	41.45067339287828	20.688565	7.619740	0
0527	4.081429999999999	14.971570	9.538910	0
1638	65.29437982842455	23.622435	5.541795	0
4382	2.0516650000000003	5.931615	2.765240	0
1847	12.160624543018082	6.952155	9.014040	0
1817	20.173570354561292	13.557195	5.127155	0
0656	16.694299339001986	8.632980	10.833565	0
0493	33.79907045603233	10.659460	4.220860	0
4416	20.74441	17.026520	8.278200	0
3068	25.883485973004667	39.727695	8.458875	0
2255	15.255184387451019	10.865320	6.481305	0
1451	12.902957657861817	18.456955	8.025255	0
3849	6.339818203076507	11.308065	2.923285	0
1208	39.482415	38.431215	3.069285	0
4138	14.685537763893745	4.713610	4.953780	0
0709	16.642769316008224	10.776625	3.745265	0
0580	25.73602467800178	24.219940	14.075130	0
0581	22.11608	14.075130	18.679605	0
2836	26.978610000000007	38.725040	9.776525	0
1900	9.254757500000002	17.299905	6.001330	0
4733	21.798215104715037	22.159880	8.294990	0
2073	11.823080000000001	13.137080	4.892825	0
1246	1.8052899999999972	3.199955	5.959355	1
3823	27.75387	11.406615	8.164320	0
4263	39.773685	26.857065	18.932550	0
1704	27.67503	6.802870	7.379205	0
0368	28.878986550475307	17.508320	5.933805	0
0901	10.274385000000006	11.935500	3.651460	0
0881	22.13097250426221	2.717425	5.787440	0
3244	5.843284999999998	9.422110	2.361550	1
1360	11.494848338580852	13.954315	4.612870	0
3643	6.9988242893726875	17.959825	4.980790	0
1920	12.455625000000001	4.165380	12.670245	0
4161	8.12125	12.440660	1.657100	0
1714	7.013470877054024	16.495810	8.081830	0
0070	12.83112195472325	29.396005	1.249760	0
2002	13.977296505737087	28.606510	1.810400	0
3784	14.760628874350276	18.249635	6.759070	0
0460	19.094491277712745	29.462070	6.070315	0
2422	22.95277989935002	30.497940	0.376680	0
0283	11.117535	11.045265	5.554935	0
1747	22.594003818210975	26.752675	9.120620	0
1227	10.935409429807697	5.412585	12.562570	0
2507	25.107262602348857	26.699750	13.559750	0
0113	1.5007022782459214	7.858450	2.632745	0
0834	2.6591056492928793	12.553445	3.686135	0
1759	2.5065799415648238	11.632915	4.207720	0
0441	2.3797999999999995	7.314235	3.012345	1
2967	16.70978893768797	14.304715	3.938715	0
0030	6.8952796314791955	11.772345	6.361950	0
0635	3.434603937485103	10.742680	6.087470	0
0556	6.502720699986403	10.324390	2.441850	0
1965	11.26314169496771	22.383625	7.031725	0
3964	5.396121181323449	9.216615	12.712950	0
4335	7.34426194934173	13.612675	2.138535	0
1954	20.20758585842285	24.232715	11.200025	0
3155	13.899628037225412	13.311915	6.690815	0
2350	10.929559999999999	14.913900	10.045165	0
4503	8.995962710358063	4.669080	2.368850	0
1637	0.568304999999996	11.156955	8.715105	0
4154	11.507525886932184	21.829920	12.290280	0
2459	2.9010199999999986	19.324195	9.343270	0
0890	6.315959999999995	18.572660	4.635865	0
1556	10.014678978730366	23.130050	15.218310	0
2186	13.364110000000002	20.684550	12.374960	0
1761	8.25291667895007	7.470820	2.499520	0
3266	9.818230103790057	4.580385	8.300830	0
3035	4.154430000000001	19.377485	1.682285	0
2462	4.021405549173253	11.972730	1.013240	0
1195	20.3855512830033	20.490735	12.460735	0
2811	8.263965000000002	2.902115	4.492055	0
0366	4.156449407257024	13.738235	3.953680	0
1791	9.207855	10.577335	9.075360	0
3700	36.4793660010226	43.384265	4.685505	0
3884	25.902477383575388	33.317565	3.997845	0
1981	18.654518625255417	11.991710	4.575275	0
1361	7.782711668610269	13.001300	4.612870	0
2410	5.9330750000000005	11.215355	5.885990	1
4746	46.05760671240506	42.299120	2.088530	0
4304	11.955255225130676	15.373070	3.079870	0
4329	6.2680832901105275	5.058535	0.665030	0
2246	16.82062676544396	23.276415	10.758010	0
4641	12.948740000000003	16.119495	10.495940	0
4962	32.80331885243289	7.617550	5.998045	0
4642	27.614253711535557	4.222320	10.872985	0
0480	0.421575	7.360955	5.749115	0
3816	11.07118	23.874650	11.777090	0
4094	9.886264078076609	13.953585	5.764445	0
3637	12.122773936477596	4.020110	9.694035	0
4744	21.070303166758503	25.716440	4.603380	0
3260	5.899860000000004	10.547040	4.394965	0
2293	5.911617173909085	6.518535	12.773175	0
2434	47.26952685282782	3.784320	16.743280	0
3549	5.792153958497646	14.397790	8.164685	0
1512	14.743041611484452	17.553580	2.112620	0
2082	3.9241064628644096	12.600895	5.926505	0
4250	10.019250000000001	7.885095	9.241070	0
1887	10.000269999999995	21.428785	3.154330	0
1112	15.187246175692653	3.289745	10.625150	0
1082	12.473135733121245	15.010625	8.412520	0
0991	15.279630000000004	1.952385	7.333580	0
2353	15.376355000000002	17.109010	0.761390	0
1377	11.424148476345714	4.750110	4.954510	0
3555	4.954952594059897	7.886190	5.092845	0
3976	14.219775045528262	17.077620	5.203440	0
1934	4.506655000000004	4.896840	1.439560	1
2840	34.284085	16.829785	3.309090	0
2222	6.339348397684116	9.812660	5.184825	0
0022	29.431045000000005	30.756360	9.630890	0
2471	39.252464999999994	3.886885	10.029105	0
0443	56.094736344113734	26.009535	15.486220	0
1660	26.060270000000006	25.519705	4.985535	0
3779	30.012153755618783	11.346390	3.093010	0
2977	12.448308167922896	34.742160	4.142020	0
3535	10.967155000000002	15.069025	4.934435	0
3267	54.08840891872501	5.031890	9.384150	0
1002	36.65038000000001	28.383495	10.454695	0
0006	8.550278457134679	10.860210	6.941570	0
2668	16.04321	11.982220	8.677875	0
4921	7.456634227697344	3.293760	5.477190	0
3985	29.258758260143956	37.599380	9.627605	0
0466	2.6068300000000035	8.810735	2.844080	0
4301	10.257685138683769	2.157515	10.894155	0
4206	41.984855	6.439695	2.852110	0
3223	13.965606241745245	17.568180	14.303620	0
1390	3.4644292731412762	13.442220	3.925210	0
2876	3.1838950000000033	20.345100	2.245480	0
3652	46.4561543891212	29.683260	9.180115	0
4444	4.7872053044075145	23.957140	6.799585	0
2662	4.33510616634741	11.816875	4.335470	0
4356	8.909092307735243	27.863370	2.848460	0
0665	4.501197375785521	13.491130	3.620800	0
4081	1.3282730214109593	16.342875	3.121115	0
2644	5.909350000000003	22.823085	6.423635	0
4785	26.701495177477515	13.467770	7.208750	0
0652	15.823845000000004	14.683220	12.747260	0
2609	23.62746161941194	28.612350	15.178160	0
2603	4.6511949999999995	3.669345	0.531805	1
1164	21.812750039700628	22.805565	6.164120	0
2465	7.795041925057231	19.182575	7.300365	0
4354	37.30746819083309	17.112660	9.290710	0
4966	7.477755000000002	19.506330	9.037765	0
0195	7.767199999999999	10.957665	6.804695	0
2229	6.175070000000001	2.346585	3.001030	0
0308	4.555876493278571	1.420215	6.448820	0
4942	1.5538857541091315	10.781735	5.779775	0
1123	4.116470000000001	11.307335	8.114315	0
4427	2.5349250000000025	16.182640	2.506455	0
1240	15.290448968202957	16.388500	2.627635	0
2741	5.201615	2.880945	3.067825	1
4945	6.703954999999998	2.857585	8.979000	0
1801	4.408275029046836	9.096530	9.832370	0
3450	20.195085000000006	26.969120	6.200985	0
0776	3.414939999999998	8.703425	5.292500	1
4419	3.5605750000000023	3.564225	9.262605	0
3978	21.244095	20.150555	5.974685	0
2262	9.21041	6.520360	14.475535	0
2456	4.449714999999998	24.399885	2.369580	0
3875	7.834359999999999	13.272130	3.026580	0
1963	44.30492536520303	47.254725	3.920100	0
2551	7.8967039252194375	3.582110	9.187050	0
0970	39.130849442125836	18.128455	2.536750	0
3081	21.54321702753478	19.928635	5.765175	0
1128	7.268753903362561	16.293600	12.131505	0
1386	16.215855	8.067960	14.047755	0
3234	31.61411	1.868800	7.894220	1
4381	14.220555874711957	17.541170	1.491390	0
0586	3.217475000000001	9.242895	6.335670	0
3463	4.8486600000000015	8.951990	7.633245	1
2962	4.846219885669894	15.896115	1.186615	0
4426	9.043969999999996	12.023830	10.572590	0
2510	2.0230107919973577	2.190730	0.578160	0
4275	4.282180000000002	7.034645	1.704915	1
4991	1.1866150000000026	10.651430	2.817800	0
4369	3.7731866684561552	10.121085	4.935530	0
1235	12.978199581842023	7.277370	10.290080	0
3522	5.908524472761368	15.843190	4.235460	0
2153	7.10144	10.598870	4.307365	1
0359	3.5598449999999993	1.140260	2.400240	0
2907	3.975548274075814	10.340085	4.113550	0
0826	26.472979569339216	25.663515	4.792450	0
3466	10.497281018306595	21.495945	3.078775	0
4564	38.072055	4.767265	13.971105	0
3382	30.650315691683474	3.866445	8.489170	0
1319	15.690254999999999	18.026255	7.112390	0
0602	16.954938586441255	14.353260	1.591765	0
3207	7.666865973726834	18.238685	6.751040	0
1238	14.272369482434643	20.352400	10.089330	0
4634	29.49033401118634	13.435285	2.279790	0
0780	7.957080594928858	12.242830	7.639815	0
0345	9.184515053932342	8.115045	3.887250	0
3607	2.914525000000002	2.428345	3.540865	1
3749	9.319632875458714	7.116040	4.914725	0
1579	11.075790747333127	7.938020	8.178190	0
0137	22.81438295572676	38.573565	4.409565	0
4341	47.03499499999998	26.039100	4.608125	0
3337	6.6532199999999975	9.880185	14.037900	0
0926	5.199603780259016	15.948310	10.533170	0
3852	7.950429999999998	9.400940	7.818300	0
0953	12.737769999999998	8.739560	15.591340	0
0722	6.403559999999999	9.718125	5.948040	0
3742	42.4847483174004	5.071675	16.471355	0
4539	9.12311804233904	3.879220	9.277570	0
2295	21.816809311431395	20.723240	4.159175	0
1758	4.053755791501991	7.214955	5.564425	0
0893	23.172253176043824	22.231055	4.835520	0
4531	5.076055000000001	16.034085	2.826195	0
4051	3.0116886918577177	9.091785	2.832035	0
1912	19.59919295197035	10.272925	6.578395	0
3087	21.748652947647578	9.891865	13.554275	0
3085	9.876264254876398	12.149755	5.321700	0
0823	2.865979999999997	21.401045	9.555700	0
2839	20.180120000000002	13.580190	2.762320	0
2776	13.235074929337612	8.768395	9.395830	0
3834	13.136716746378312	14.893460	1.403425	0
2497	8.603415000000004	9.518470	1.000465	1
4995	12.77938	10.666395	9.326115	0
3046	13.184165	13.142190	0.903010	0
4386	13.558418526588982	23.713320	6.932080	0
4039	10.207225000000001	30.216160	4.228890	0
1698	27.688607053151635	15.070485	9.342175	0
3343	8.345924279634403	10.793050	7.569005	0
3318	28.550665	28.049520	11.427785	0
1362	14.165285000000004	20.222825	0.932940	0
1829	18.363794722365732	23.549435	10.269275	0
2425	12.070590821321467	18.910650	5.737070	0
4510	12.003755	27.925785	1.396125	0
2339	8.827524999999998	11.930025	3.959885	0
0993	1.4505099999999982	2.439660	3.487210	1
2166	35.04920829517424	23.817710	7.003255	0
0200	12.791100102334692	14.157255	6.556495	0
0290	8.973889999999999	21.312350	12.682290	0
2252	18.787425572180652	8.745765	4.602650	0
4024	8.69138	12.971735	7.329565	0
3940	4.526365	5.791090	3.307630	0
1792	9.037480401095014	13.630560	5.646915	0
3763	11.47757909783627	21.961320	6.687530	0
4384	5.834524999999999	4.215020	6.183100	0
4031	17.375224238476648	21.508355	10.417100	0
3218	13.124305000000003	14.581385	3.510570	1
1722	10.779544999999999	11.777820	8.610715	0
1471	9.82239121723446	13.701005	7.395995	0
3284	6.1401182139027695	8.923155	7.089395	0
3961	4.800844999999999	19.717665	3.465310	0
3135	16.991956644842578	27.829060	3.126590	0
0916	12.896524073498641	9.045430	2.529085	0
2873	4.754042557304608	9.702795	8.214690	0
4140	31.332383602177675	7.468995	12.516945	0
0524	15.92591745130856	8.984475	11.646785	0
2220	2.117477888784719	5.849855	1.775725	0
0149	16.77795500000001	25.608765	0.766865	0
3739	4.026315000000002	2.409365	4.511035	0
4405	8.53971317487489	14.340120	2.971100	0
2931	33.86761999999999	23.540310	4.608490	0
1496	45.675828190038814	3.198495	5.383385	0
2254	34.23772999999999	26.335115	2.936060	0
0802	26.91844831257256	13.504635	1.047185	0
0397	1.2497599999999986	12.804200	3.927400	0
0296	12.802691139973115	24.895190	0.920530	0
0390	5.516609999999998	3.408005	6.880615	0
3491	28.78998554622659	11.650435	14.756585	0
0683	20.763390000000012	24.936800	1.288085	0
0318	26.744300272572143	46.008615	3.855860	0
4325	15.750480000000003	18.835460	4.391315	0
0377	0.5405650000000037	15.178890	5.366595	1
3042	13.062803476044719	17.193690	4.020840	0
1061	55.40181410408024	1.611110	3.382455	0
0796	10.201665427918895	27.784165	6.633875	0
1647	3.7339499999999908	5.417330	3.228790	0
1464	22.504440000000002	30.316170	16.017660	0
1613	10.505280344444712	18.173715	5.475730	0
0277	14.320044999999997	14.292305	7.693470	0
3719	7.890985182773082	16.974690	5.039190	0
2298	19.222091673023964	10.071445	5.599465	0
0216	9.280223112496987	23.026755	3.226235	0
4802	5.8357518489516185	19.383690	4.170125	0
1851	4.13763999999999	21.852550	11.810670	0
3703	5.353820000000008	2.639680	1.507815	0
4742	4.255899999999999	11.673065	0.912500	1
4576	12.936695	24.037805	7.227000	0
1951	6.524158922517604	11.653355	10.856195	0
2519	8.26849076758686	16.979800	5.506390	0
4078	8.789276637757613	8.341710	4.000400	0
4438	4.346216196866727	4.670540	6.292600	0
0710	15.744606311530884	0.998640	2.564125	0
1631	5.411855000000004	11.955575	3.420415	1
4472	45.384466247527044	25.455830	2.108970	0
3348	5.735820101789177	6.951425	1.759665	0
2013	7.3109500000000045	12.013975	4.988820	0
3048	2.3272399999999975	27.863735	7.927070	0
4595	1.999835	14.763155	3.983245	0
3054	7.317479051517748	13.515220	1.827920	0
1665	4.283877398668948	8.360690	2.346585	0
0573	2.1543922206838833	7.369715	4.082160	0
3728	17.35283	3.872650	9.713745	0
3873	14.615329999999998	1.601620	0.537280	0
0287	14.582893059375518	12.884135	8.429675	0
4829	20.453870000000006	23.264735	3.072570	0
1780	34.3571971675148	21.968620	21.165985	0
0315	23.30063722936469	2.301325	6.140395	0
1017	4.223779912961398	6.813090	7.824140	0
0134	22.882231287502357	4.974220	5.972495	0
3590	4.451175000000005	11.669050	2.131600	0
4403	16.695934183493247	20.997720	3.801110	0
1317	6.578759999999995	3.348510	6.065935	0
0978	12.533735000000004	22.915065	4.272690	0
3167	4.597799974901437	23.776830	4.788800	0
0400	5.634935841822475	17.166680	5.112920	0
1855	7.361320000000001	18.651500	1.277135	0
1649	20.756455	22.871630	9.794775	0
3194	11.882940000000001	12.278235	9.271000	0
3850	14.405455	31.332695	6.675485	0
3892	64.46575089957335	53.984595	2.545875	0
2008	23.392034052031896	24.373970	12.142455	0
0143	26.896221677948496	20.046165	11.365370	0
0889	4.567244999999997	7.757710	4.826030	0
0092	20.635452264429354	23.753470	9.288520	0
2916	8.055550000000002	4.789895	16.055255	0
1773	2.488205000000001	8.084020	1.491025	0
0320	17.65523327976336	6.961645	4.273420	0
1686	16.19456689813268	15.015370	8.584070	0
1380	28.709075000000002	24.574720	12.245750	0
1115	5.911905000000001	5.544715	11.397490	0
4132	5.501869011052981	5.960085	8.346090	0
3118	6.230670092873232	2.279425	4.921295	0
2303	18.76770324376624	19.234770	17.041120	0
3434	20.187055000000004	6.591535	1.588480	0
1544	4.928224142041327	20.357875	11.296020	0
1542	7.921299168018556	15.601195	3.970835	0
3188	13.26093171953793	15.227800	1.384080	0
0310	5.5582199999999995	13.233440	1.555630	0
1927	1.1585100000000037	15.672370	2.438565	1
4797	4.4254382151824325	14.949670	1.057405	0
3791	10.192260000000001	17.619645	7.164950	0
0712	35.470335	9.001995	11.990980	0
4870	35.47581	11.027015	2.653185	0
1452	7.414650002573643	23.177500	9.528690	0
2396	3.3441300000000007	6.438235	2.555365	0
2688	11.866639358545937	23.619515	0.607725	0
1292	7.192315602968812	9.341080	2.167005	0
4790	13.006862922252404	29.377390	7.586890	0
3205	14.49196	17.509415	8.006275	0
2466	5.081841323066361	5.301990	4.268675	0
2998	15.945389999999998	2.677640	8.000070	0
1110	8.781535000000002	7.620105	5.047220	1
4609	5.167669999999999	10.760200	4.655575	1
2611	4.92969	16.379740	4.261375	0
1525	15.616525000000006	20.687470	11.593495	0
2364	9.59366	18.721215	4.173775	0
3735	8.132929999999996	13.163360	5.591435	0
1078	4.186085768443926	6.839370	0.239805	0
1827	33.29894438930264	19.213965	3.165645	0
2944	7.368252253037391	23.634480	9.631985	0
1450	0.095265	4.695360	2.226500	1
0372	1.7355749999999983	14.747460	9.914860	1
3215	5.092844999999996	2.892260	2.395860	1
4753	15.14987083075537	20.246915	14.710960	0
2111	16.22279000000001	26.291315	1.196105	0
3419	21.091889999999996	27.915930	4.010985	0
0996	47.327629406967894	34.951305	6.033450	0
2594	4.08143	10.422940	1.706375	0
1683	0.9610449999999987	11.637295	8.110665	1
4217	1.0011949999999983	14.294130	6.532405	0
4476	10.515071197242273	17.641180	11.957400	0
4970	2.2603687674534783	8.381130	3.359095	0
2433	7.483594999999995	4.795735	9.275380	0
3063	0.20439999999999675	16.171325	2.774000	1
1736	22.575761224090083	26.331830	5.923220	0
3083	4.982276586707305	6.274715	5.576835	0
1882	0.7686899999999999	11.763585	0.518665	1
0205	23.856848287020416	11.545315	4.312110	0
0272	4.422339999999997	10.210875	0.918705	0
2593	3.28208	10.082760	2.840795	0
2908	20.894789999999997	4.113550	4.567245	0
0489	9.334630305930993	17.411595	7.527030	0
4425	18.047425	10.352130	10.655445	0
0899	7.342140229094267	17.308300	4.278165	0
1799	9.403162971344006	17.043675	0.855560	0
2596	5.384114999999998	12.589580	1.107045	0
3096	21.563444615038392	25.435755	13.652460	0
2595	2.241829999999998	8.945055	1.107045	0
4624	2.8918949999999946	15.880420	4.497165	1
2021	10.640346216516345	11.617220	12.678275	0
4971	7.323221242659238	12.683020	2.065900	0
1984	9.98328519688516	6.092215	2.528355	0
1998	22.699714999999998	28.467080	1.654180	0
2259	4.017844176758712	17.893760	4.467600	0
0608	15.097859999999999	12.593230	17.326550	0
4654	27.357480000000002	27.151620	10.951460	0
0911	11.874645191815329	0.712845	13.223950	0
3149	5.797295	13.844450	2.483460	0
1995	3.7439517793080754	13.807585	7.606235	0
4782	26.306851414178727	34.706755	13.186355	0
1824	1.5924949999999944	13.441490	2.604275	0
0018	20.487450000000006	31.388175	1.561835	0
4080	1.1537650000000002	12.875375	2.100575	1
4159	12.064571684219134	4.169760	1.664400	0
2070	7.670683467866536	2.960515	5.483760	0
4315	14.876104764719496	7.117865	11.117170	0
4619	30.51992416053513	4.650830	8.137310	0
1255	23.331165000000002	13.962345	9.929095	0
3479	16.851412595199385	22.081405	7.774135	0
3274	12.729009999999999	21.369655	3.951855	0
2898	9.17026	12.671705	4.709960	1
4992	7.689338903550017	8.496835	7.904075	0
1527	11.019823361645683	6.069585	5.296515	0
0289	0.9636000000000012	19.973530	8.656340	1
3885	9.99001028868695	11.321935	1.077845	0
2367	31.41782733507859	13.918545	3.675915	0
3178	20.819560717105404	30.497940	11.670145	0
2475	1.6388031484697794	11.855930	7.160935	0
3830	5.23994	9.463355	1.978665	1
4374	10.31928	12.408540	5.169495	0
1031	32.188255	28.278010	6.688625	0
1967	21.294585556198502	22.967260	3.347415	0
4867	4.684775000000007	7.889840	5.168765	0
3904	4.2226523492880155	9.949170	6.218140	0
1705	6.92478	21.992345	6.802870	0
0252	1.600037395664718	6.465610	6.691180	0
4069	33.45663000000001	11.462095	0.990245	0
2864	17.613766486578193	2.521785	10.937225	0
2118	6.038560000000001	8.278565	0.836945	1
4199	15.104065	29.475575	3.549625	0
0731	13.196913566419571	20.238155	2.763050	0
4200	9.270270000000004	21.863500	7.852610	0
4860	6.223250000000006	23.594695	3.354715	0
1959	16.712254999999995	24.287100	11.436180	0
0461	13.598072567068652	4.891365	9.766670	0
0281	4.757409999999999	13.551355	7.323360	1
2635	14.645687169094872	28.207200	12.308165	0
3146	17.789369999999995	5.381195	10.735745	0
4827	9.015626873590191	1.874275	6.954345	0
0373	15.916741612103763	23.982325	3.423335	0
4006	29.807359999999996	26.172325	6.675485	0
3117	15.163619293389534	29.145250	6.534595	0
2661	2.095100000000001	9.144345	2.924015	1
3660	2.711584999999997	17.295890	2.467765	0
1420	10.720050000000002	14.517145	10.892695	0
0979	32.201047935138696	16.136650	8.833365	0
2454	28.82847593934454	4.464315	8.646120	0
4127	4.720545000000004	8.440990	4.260645	0
3562	3.208715	6.797760	2.763780	0
4087	4.680395000000001	8.063580	3.866080	0
0765	14.520439048299101	27.035185	11.264995	0
4686	7.859716927206947	11.594225	6.905435	0
4655	8.219191158584767	11.655180	3.796730	0
4784	21.774560270795703	8.707075	6.729140	0
2084	46.16883668054931	32.529530	12.987795	0
3957	13.56924	7.601855	2.458275	0
1308	4.146400000000003	7.593460	6.640445	0
3342	28.742210987889976	16.737805	5.285200	0
0830	12.226539724464898	15.478190	6.102435	0
0734	21.045146002106335	13.515585	14.201055	0
4956	20.943741916232916	11.362815	7.373365	0
2965	17.673729020494104	9.475765	14.656940	0
1972	30.839648062563178	35.395510	8.182935	0
3464	4.520670350447331	6.617085	4.270500	0
3786	7.510604999999999	10.866050	5.750210	0
2952	13.390558148245129	22.317560	6.623290	0
4276	12.143915000000002	4.223780	4.669445	1
2768	4.343500000000003	4.026315	5.743640	0
3864	17.976510212304028	11.016795	3.128780	0
3958	1.7662350000000036	14.058340	7.317885	1
4546	7.134040508623129	12.781570	2.922920	0
2887	11.959313643108867	18.605510	4.450445	0
2148	10.809109999999999	13.683120	3.679565	0
4938	7.075525	8.379670	7.339055	0
2901	17.515255	25.601100	14.117835	0
1603	15.900027869952854	27.787815	9.110400	0
4310	6.17909223433486	10.253580	1.522050	0
1476	26.704328119441236	16.732695	17.039295	0
1073	25.849065802499155	38.611525	7.014570	0
0741	31.96405524258725	42.689670	12.838510	0
3295	42.53899375767047	42.337445	4.754855	0
3252	7.801145000000001	18.814290	5.465875	0
2734	11.933997646776188	22.001835	8.116140	0
4572	9.353855	16.256370	4.980425	1
1230	21.427759861527772	35.933520	9.921795	0
2893	5.144201824961391	8.205200	0.142350	0
1310	12.866980000000005	2.415570	6.989020	0
1051	7.796038418911518	4.160270	9.460800	0
4417	10.134332079360572	19.154105	3.696355	0
0285	18.26533	3.088630	7.599300	0
0038	11.465858480249842	22.671610	3.090820	0
2544	6.293703237073403	9.240340	2.538210	0
3386	18.85279198378295	17.131640	7.446000	0
3993	4.425259999999996	9.909750	4.054785	0
2755	16.06116720381434	15.113920	2.139995	0
2919	3.46677642941092	11.613570	7.637990	0
0860	6.023229999999996	2.494410	7.379205	0
2463	20.33050000000001	17.268150	9.675785	0
2251	27.866654999999998	10.554705	3.057240	0
1729	8.434784999999996	4.643530	11.300765	0
4928	5.093209999999998	9.184495	4.635865	1
1849	2.245114999999996	1.050105	8.900890	1
2280	7.180249560278142	8.784455	8.093875	0
3558	47.365319999999976	14.040820	3.209810	0
0399	4.1571675	16.048320	3.089725	0
4183	2.9568649999999987	12.187350	1.558550	0
4826	1.893254999999999	17.006810	6.492255	0
4622	14.95624	14.198135	5.316590	0
1703	7.686899999999999	20.019520	8.775330	0
0422	8.632107344071823	12.721345	8.343900	0
2655	17.15208	20.461535	7.531045	0
0520	14.096665000000002	8.648310	9.610815	1
2683	20.243891197041126	22.281060	3.937620	0
4902	7.553438629076594	12.135520	14.414580	0
4319	13.431790048783585	10.543025	3.733950	0
4794	12.112890000000002	13.114085	5.988920	0
2658	25.290153687691156	33.689500	2.275775	0
3941	5.7858817778592355	2.939345	6.841560	0
3139	7.851880000000002	24.118470	6.510870	0
4803	0.25112000000000295	19.259225	5.558585	1
4894	22.395305000000004	23.155600	1.281515	0
3100	6.9056396407259815	10.074000	5.283010	0
3709	10.209419416019688	9.683450	8.086210	0
4121	10.347252195660348	6.503570	8.543190	0
4777	36.561319999999995	9.305675	6.058270	0
4779	4.098585000000001	6.195145	5.160370	0
3563	15.389495000000007	20.257865	3.170025	0
1289	30.840675000000005	25.823385	3.615690	0
1530	5.544383397255324	3.378075	6.091485	0
3069	9.783825	9.291075	8.210675	0
0455	5.526465000000001	13.301695	2.415570	0
2706	17.526730769145548	6.040385	18.193425	0
0064	3.6883173012235573	21.406520	6.866745	0
2648	8.649039999999998	18.924155	5.862265	0
2245	20.09613294432055	10.966060	7.646750	0
3973	9.300565	14.607665	1.662940	0
0187	10.738456394022968	23.527170	7.282115	0
3238	5.344594261577769	4.132895	9.363710	0
0648	6.268509999999998	7.521555	3.737600	1
0729	2.8351623551635186	6.208285	1.011050	0
2150	2.896837059786053	7.097790	5.769190	0
0626	18.66741124384259	30.103010	6.359760	0
4763	3.0484800000000005	2.256795	2.479080	1
0660	7.527843074813631	25.060900	4.944655	0
1524	18.551608049692156	2.697715	4.478550	0
3857	8.340249999999997	2.737865	7.001430	0
4875	14.909519999999999	8.196440	14.189010	0
1065	43.898914999999995	6.040385	15.637695	0
0206	4.017920000000002	10.074730	4.312110	1
4553	8.582975000000001	9.694035	3.862430	0
1781	19.849204712945827	40.282860	11.763950	0
2665	19.502315000000003	25.272965	8.351200	0
2614	2.540035	6.882075	2.021370	0
0239	10.229953689846784	2.202775	6.200985	0
0548	29.26361760779489	29.746405	4.440590	0
0351	6.224345	23.693975	3.018550	0
4227	10.195756552366863	10.342640	2.213360	0
3508	5.68064671715478	17.023965	6.691545	0
1122	8.71255	20.201655	6.049875	0
0238	12.004120000000002	10.092250	3.386835	0
1539	17.85778823755801	28.050250	10.838310	0
1199	14.568610000000001	9.418095	6.254640	0
0001	3.699516528714144	11.596415	6.941570	0
0125	8.001119615418562	14.856230	11.994995	0
4697	20.560450000000007	10.378045	1.402695	0
0078	15.438405000000003	12.913700	2.094735	0
3888	24.47106000000001	21.247380	4.284005	0
4142	27.180819999999997	17.038565	11.387635	0
1210	21.20117096352888	18.374100	4.861435	0
3738	4.742810000000002	35.497345	13.037070	0
2192	25.20907364005009	5.219135	5.961910	0
2710	7.468660024484445	14.682855	7.619740	0
1129	11.290180000000001	11.258060	13.992275	0
0980	6.543720000000002	9.052730	2.812325	0
2302	46.1519334286462	30.537360	7.431035	0
0957	11.2795810165433	17.890840	0.730000	0
4365	0.7300000000000006	9.569570	6.230185	0
1204	18.652436177021176	23.407815	5.284470	0
1737	21.856200000000005	16.279365	5.923220	0
3399	52.20339499999999	15.402270	17.613440	0
4490	15.771284999999999	18.223720	13.970010	0
1915	10.782100000000003	10.628070	4.759235	0
3977	7.821220000000001	13.275050	7.447460	0
1938	0.38945499999999694	8.765110	2.674355	0
2827	8.269560310325696	10.491195	2.396225	0
0085	26.89246999999999	6.557590	4.546075	0
4380	8.363403342518309	12.423140	5.687065	0
1389	5.52141814454313	10.080570	3.808775	0
4122	16.452009999999998	9.041780	0.855195	0
4667	8.54392	9.733820	8.667655	0
3920	6.041159040756576	3.295950	5.887450	0
2621	2.1056849999999985	2.668150	4.039090	0
1651	21.49485	13.532010	22.436915	0
2512	18.074070000000003	24.022840	14.873750	0
3438	28.056356912064874	21.161240	7.976345	0
2006	29.03210576986756	31.299845	0.335070	0
3276	17.488609999999998	6.606135	9.453135	0
3468	13.288737511520626	18.023700	5.598005	0
2854	21.653240361631582	11.331790	6.770750	0
1077	11.770885	23.424240	0.239805	0
2159	12.55527	19.996890	3.006505	0
3044	9.556064999999998	5.888180	9.592930	0
1790	7.723530544247782	2.593325	7.135020	0
4098	7.504765000000001	15.560315	0.544945	1
3687	12.364375	9.623225	3.429905	0
3423	6.743037634429732	6.039290	4.013540	0
0098	29.175318855221295	16.585965	3.994195	0
4040	7.654590134869993	13.230155	8.787010	0
4023	2.6999049999999953	13.480910	2.960515	0
0966	39.029815000000006	22.974195	5.724660	0
2267	8.274185000000003	12.775365	6.917480	0
2446	27.718829999999993	13.043640	2.817435	0
4606	4.129495147620831	10.256500	4.004780	0
0109	0.8161400000000006	2.779840	3.531375	1
1854	2.350965000000001	2.849190	5.659690	0
1656	7.915390000000004	1.856755	6.833895	0
2771	12.30222045331199	12.342475	3.440490	0
2819	11.21645	11.633280	8.885925	0
4231	10.172915000000003	18.474475	4.067925	0
2213	1.5749750000000022	8.670210	2.796995	0
3160	1.3085442775138376	2.074295	4.128880	0
0961	22.379245	27.871035	1.181870	0
0391	1.9403811923035692	3.756945	2.434185	0
0332	17.961649999999995	19.136950	3.552180	0
0054	1.5971087660764522	2.486380	2.810500	0
0231	45.32606500000001	19.700875	7.526300	0
4344	12.98086	4.991740	13.169200	0
1989	13.319173922789831	22.146010	5.815545	0
0506	20.78007778119918	26.136190	12.554540	0
4840	1.6822850000000007	1.856390	4.807050	0
0619	16.91274563203096	19.825340	2.680925	0
2206	5.468064999999996	10.734650	1.549425	0
3542	6.488620289300904	11.559185	4.933340	0
1363	4.174505000000001	16.550925	10.724065	0
2028	10.03484448989595	11.803735	5.845475	0
2886	10.940606038789243	9.277570	10.876635	0
0069	4.848432980622004	11.774170	5.329365	0
4588	26.75997499999999	10.243360	7.123340	0
3681	14.567696066350045	22.354060	8.407410	0
0492	6.260479999999998	19.010295	2.604640	0
2642	19.85381	27.451285	7.701500	0
4636	7.286597745330593	15.429645	1.252315	0
3498	6.828528907343383	13.390390	8.782630	0
3514	4.992834999999996	22.493855	1.652355	0
4653	39.654848612497574	30.989230	1.854200	0
2381	1.076750000000005	3.026945	7.264230	0
3827	7.22569482014561	5.292500	4.313205	0
3799	9.658629999999997	4.912535	10.874080	0
3115	0.42120999999999953	10.412355	2.558285	1
3601	14.404457471744566	24.759410	12.211440	0
3270	8.028539999999996	1.796895	9.452770	0
1335	19.079852850117142	4.623090	6.535690	0
2821	23.462930000000007	20.791495	1.884495	0
3955	11.916155000000009	17.423275	7.434320	0
2408	7.639815000000003	15.488775	4.597905	0
0981	16.22657360502799	26.791730	2.396955	0
3373	2.76588160578777	12.028940	4.853040	0
2681	6.71016	12.281885	5.516975	0
0642	11.211704999999997	19.501220	1.243920	0
2581	33.719724729646614	24.809050	11.962510	0
4072	17.94367829758951	27.909725	0.839865	0
3022	3.638398901083092	9.408240	7.876335	0
0595	0.22265	8.965130	3.762055	1
4368	0.8694300000000008	2.996650	5.730135	1
4257	1.702725	4.955240	2.219200	0
0782	7.2032750000000005	17.574750	3.994925	0
1748	16.51625651111431	14.626280	9.120620	0
1466	7.791735527400763	7.984740	4.541330	0
0341	5.515529769556285	1.154860	6.310485	0
0542	6.764544999999997	13.397690	4.136910	1
1744	11.606459628110589	16.207460	6.054620	0
3228	22.342744999999997	38.223530	16.948045	0
0779	16.07650048703712	13.008600	5.681225	0
0278	22.547874999999998	26.335115	8.099715	0
3612	33.80265	34.055595	11.991710	0
2719	6.908719999999998	4.926040	9.073170	0
0892	18.53383239873472	21.593035	6.296250	0
0679	22.874550000000006	23.757485	2.479080	0
1961	3.8958534623611087	7.491260	4.636230	0
2638	16.119748004212436	12.095005	12.170560	0
2964	4.059165	6.212665	3.268210	0
1029	5.969210000000003	0.863225	5.812990	0
4579	19.119719455840517	4.048580	4.612870	0
3229	2.254994106505128	6.966025	8.149355	0
3290	15.973859999999998	25.458750	11.641310	0
0521	14.87465419370228	16.730140	0.265355	0
3509	11.659195	14.009795	1.619505	0
1131	8.785794116161322	8.121615	11.735845	0
4251	11.073005000000004	10.390820	9.702430	0
3650	6.959455	3.740520	4.158445	0
1358	35.436025	42.733835	0.903010	0
1611	11.846999657395433	15.242035	3.596710	0
4684	28.800121370079363	35.991190	3.358000	0
4554	9.107115	15.023765	8.085845	0
2055	17.260025157208922	26.122685	3.564590	0
0255	29.49298123470129	15.290580	10.110865	0
0140	13.362264150178046	18.452210	1.838505	0
2235	3.8660799999999953	9.962310	4.448255	0
4252	35.646995	30.370920	6.468530	0
2538	13.90100614714848	11.020810	3.717525	0
1099	23.640183663193678	29.182115	8.458510	0
3293	3.7478199999999973	2.754655	5.648740	1
1731	22.48790843381332	13.117735	7.812095	0
1092	16.452169110928466	6.431300	3.270035	0
3847	38.60459000000001	7.239045	3.125495	0
1794	14.445605	33.276685	6.164120	0
3410	11.930740679705684	4.574910	10.011585	0
1614	4.237649999999999	7.641275	2.104225	1
0314	10.809912075405931	14.272960	7.765010	0
2060	6.711923238963571	11.366465	9.138505	0
3375	45.902765	0.645685	4.563230	0
2858	24.4039	6.997780	13.894090	0
2096	15.34570186905659	2.518500	5.065470	0
0885	11.006574999999996	8.993235	2.965625	0
0426	37.90075741955313	29.029545	10.858385	0
3360	8.77898	12.698350	6.072505	1
3070	19.675784363729694	19.700145	8.458875	0
2513	28.26689944763869	21.950735	17.352830	0
2799	4.59762758254442	5.123870	7.654050	0
1287	6.2743499999999965	7.218240	1.317285	0
2136	10.033936485015145	18.054725	4.472710	0
2729	9.895514999999998	15.415775	1.864055	0
4617	9.494380000000003	10.538645	5.316225	0
0515	10.905834999999998	14.038265	3.610215	0
4683	2.801739999999997	5.080800	6.935730	0
1084	11.641675	10.464185	5.404190	0
0733	2.3536024001865865	4.731860	4.756315	0
0312	2.5352900000000003	20.641115	0.436905	0
0421	4.923119999999996	2.919635	9.221360	0
2469	6.627937599671882	4.010620	8.983380	0
3617	47.48884525867612	16.954615	6.992670	0
3584	5.369515000000003	18.865390	5.066565	1
0016	14.756949999999994	6.941570	11.840235	0
0196	2.389203322039336	7.477390	2.056045	0
3905	11.166445000000001	41.077830	6.046590	0
3881	13.9897895675078	19.339890	3.018185	0
0808	6.333115	1.854930	1.408170	1
1088	30.270242514334633	2.068455	6.378740	0
4189	36.962089999999996	37.378920	6.442980	0
3314	0.12044999999999889	8.792120	0.811395	1
0126	10.914342944206593	11.994995	11.809210	0
4550	16.44325	6.927335	4.734050	0
3682	14.153604999999995	10.481705	7.577035	0
2447	45.22423	50.152095	8.304480	0
1826	11.203122696220191	15.617985	5.021670	0
4843	32.85514130969411	11.100380	22.631825	0
0600	3.302919632668912	12.551620	0.227760	0
1261	17.771440952067465	17.848135	2.661580	0
2693	16.2795475	17.632420	1.498690	0
4424	14.475164005086807	17.126530	1.769155	0
2597	10.560033815074748	13.864160	1.107045	0
4512	3.7182550000000005	23.528630	4.759235	0
2249	10.713317975121626	20.985675	7.579955	0
3789	10.914435638490241	20.093980	12.770985	0
3462	8.94323	21.316365	9.214790	0
3014	17.95727	21.119630	7.583970	0
2368	6.526199999999998	4.488770	7.649305	0
1383	7.082460000000002	10.177660	4.101140	0
2091	33.222300000000004	2.649900	10.030930	1
4547	17.621706064000268	17.918215	10.120720	0
1946	0.39712	3.909515	3.232805	1
3152	22.120804139100706	29.155470	3.212730	0
0809	6.040611025866127	20.912310	18.719390	0
2380	21.403600000000004	18.504405	6.890835	0
3372	11.64423	11.142355	10.825900	0
1021	4.488040000000001	14.056880	5.591435	1
4297	6.523338682776065	14.839075	6.701400	0
3037	32.13960036543815	35.010070	10.551785	0
0474	2.8495550000000005	4.647180	1.804560	0
2290	19.44537500000001	27.879430	7.620470	0
1771	6.2588131745262086	7.641275	5.305640	0
1848	9.461852643884146	14.163460	8.926805	0
2622	6.099880000000003	12.523150	7.366795	1
4192	13.339509268260509	18.446370	9.181210	0
2694	5.793645	1.852375	9.100545	0
1154	12.30022075024473	19.059205	13.644065	0
1874	19.368725	11.904475	12.411095	0
0072	23.477894999999997	22.293835	15.672370	0
2441	26.73242791622009	39.472925	12.336635	0
3776	11.391008091761133	2.045095	15.689160	0
1625	6.670695030554241	10.899995	2.475795	0
1139	20.984225731335844	17.307570	10.786480	0
4710	9.600595000000002	16.386310	8.245350	0
1175	24.720082305622437	42.913415	12.644695	0
3720	12.810402364422556	5.039190	8.558520	0
0546	8.91403	4.634040	7.094140	0
1086	12.76207263113425	16.894025	3.792350	0
2503	5.297483036351981	14.694900	0.578160	0
2226	1.8593100000000056	7.041215	3.431365	0
1022	6.809075000000002	15.874945	5.953880	0
1543	35.410114839663116	40.281400	2.396590	0
2867	23.161751516024722	32.006120	7.129545	0
0909	37.27818	18.880355	30.399390	0
3758	8.043505	0.401135	4.636960	1
1387	12.106521685867618	9.972165	13.081235	0
3801	23.535327485782748	16.795110	4.076685	0
1713	26.251592844946693	36.758055	2.000200	0
0329	28.20741156482787	3.681755	2.983145	0
0768	4.391816980637336	6.691180	1.347945	0
4534	13.032690000000008	9.254575	5.928330	0
4754	8.867675000000002	3.334640	1.270930	1
4657	5.331674300300144	6.875140	9.960485	0
2718	9.236324999999997	6.125065	13.381995	1
2416	20.11807	27.837090	10.889775	0
2327	20.322470000000003	0.383615	3.650365	0
1858	5.05014331389188	9.795140	2.791885	0
2801	8.263234999999993	13.844815	6.800315	0
0805	3.439395	5.516610	3.684310	0
0713	12.086552623549697	15.407015	2.509740	0
2690	9.616832343488266	11.635105	9.571395	0
4071	6.855794999999999	7.618645	3.554005	0
4082	18.680283022298557	9.858650	1.335535	0
2210	7.8989649999999925	18.420820	8.823875	1
0309	45.351087529632345	37.982630	4.538775	0
3532	6.9840843571162745	2.216645	5.881245	0
4017	19.962197711968564	7.727050	8.431865	0
